I
1050 Generated by WorldEditor 1.6.0r1

1     62 1 0 TAPA Antigua - V C Bird Intl
1302 city St. George
1302 country Antigua and Barbuda
1302 datum_lat 17.136708333
1302 datum_lon -61.792680556
1302 faa_code 
1302 iata_code ANU
1302 icao_code TAPA
1302 region_code TA
1302 state Saint George
1302 transition_alt 2500
1302 transition_level 4000
100 45.11 1 0 0.25 0 3 0 07  17.12882014 -061.80607368  500   15 3 3 0 0 25  17.14319603 -061.78172879  300    0 3 0 0 0
110 1 0.00 58.0000 east ramp asphalt
111  17.14009309 -061.79045129
111  17.13975641 -061.79022833
111  17.14099003 -061.78807584
113  17.14133986 -061.78830980
110 1 0.00 58.0000 G shoulder 3
111  17.13752981 -061.79430306
111  17.13729299 -061.79415266
111  17.13744325 -061.79389972
113  17.13767680 -061.79405353
110 1 0.00 58.0000 G shoulder 2
111  17.13735136 -061.79405495
111  17.13740325 -061.79409065
111  17.13434337 -061.79924800
113  17.13430079 -061.79921929
110 1 0.00 58.0000 G shoulder 1
111  17.13422264 -061.79878362
111  17.13711670 -061.79390496
111  17.13716200 -061.79393790
113  17.13432432 -061.79874559
110 1 0.25 58.2900 xxx
111  17.13221172 -061.80031558
111  17.13255486 -061.79973442
111  17.13296089 -061.79999694
113  17.13261775 -061.80057810
110 1 0.25 285.0000 xxx
111  17.13286638 -061.79963515
111  17.13295938 -061.79999835
111  17.13278451 -061.80004738
113  17.13269151 -061.79968418
110 1 0.25 12.0000 xxx
111  17.13222488 -061.80046270
111  17.13257636 -061.80038452
111  17.13261400 -061.80056983
113  17.13226253 -061.80064801
110 2 0.25 58.2900 xxx
111  17.12829346 -061.80573670
111  17.12866374 -061.80511384
111  17.12922873 -061.80549595
113  17.12888559 -061.80610827
110 2 0.25 15.0000 xxx
111  17.12865899 -061.80511505
111  17.12922507 -061.80500651
111  17.12920774 -061.80532284
113  17.12886065 -061.80542016
110 1 0.00 59.0000 Terminal 1
111  17.14051398 -061.79156250
111  17.14044472 -061.79151864
111  17.14199144 -061.78882283
113  17.14206720 -061.78886827
110 2 0.00 58.2900 Stand 5 pavement
111  17.14044729 -061.79151866
111  17.14027213 -061.79140989
111  17.14064564 -061.79076314
113  17.14081963 -061.79087444
110 2 0.25 58.2900 new east ramp
111  17.13976418 -061.79023509
111  17.14098891 -061.78807858
111  17.14202735 -061.78876632
113  17.14080729 -061.79089717
110 1 0.25 0.0000 txwy C
111  17.14097238 -061.78766768
111  17.14104090 -061.78741279
111  17.14108260 -061.78716027
111  17.14111864 -061.78682250
111  17.14111368 -061.78654747
111  17.14103712 -061.78637778
111  17.14097463 -061.78632794
111  17.14087929 -061.78631800
111  17.14078303 -061.78634465
111  17.14060697 -061.78648393
111  17.14148961 -061.78498957
111  17.14144458 -061.78539749
111  17.14144997 -061.78583267
111  17.14145947 -061.78613596
112  17.14145888 -061.78631198  17.14145947 -061.78631663
112  17.14145256 -061.78656120  17.14145384 -061.78656388
111  17.14144378 -061.78673639
112  17.14142109 -061.78693286  17.14142237 -061.78694070
111  17.14139850 -061.78710485
112  17.14134996 -061.78728149  17.14134996 -061.78729006
111  17.14130024 -061.78746350
111  17.14124607 -061.78760329
113  17.14115462 -061.78778592
110 1 0.25 0.0000 New Taxiway 8
111  17.14123132 -061.78762980
111  17.14130996 -061.78773402
111  17.14137279 -061.78780384
111  17.14150357 -061.78790650
111  17.14157726 -061.78800933
111  17.14162639 -061.78814643
111  17.14131275 -061.78817213
111  17.14114503 -061.78809761
113  17.14099018 -061.78806671
110 1 0.25 0.0000 New Taxiway 7
111  17.14104493 -061.78754837
111  17.14133100 -061.78776264
111  17.14121584 -061.78795918
111  17.13988639 -061.79030995
113  17.13958493 -061.79012325
110 2 0.25 94.7600 xxx
111  17.14075354 -061.78546524
111  17.13982726 -061.77407633
111  17.14051064 -061.77401678
113  17.14134693 -061.78446665
110 2 0.25 58.2900 xxx
111  17.13710551 -061.79404065
111  17.13933109 -061.79022165
111  17.14009649 -061.79070936
113  17.13785563 -061.79450037
110 2 0.25 148.2900 xxx
111  17.13940238 -061.79164431
111  17.13800228 -061.79073905
111  17.13811762 -061.79054369
113  17.13951772 -061.79144895
110 2 0.25 148.2900 xxx
111  17.14316417 -061.78266304
111  17.14281414 -061.78243672
111  17.14321783 -061.78175296
113  17.14356786 -061.78197928
110 2 0.25 58.2900 new west apron
111  17.13813311 -061.79381012
111  17.13919761 -061.79198732
111  17.13950282 -061.79218206
113  17.13844576 -061.79401266
110 2 0.25 58.2900 xxx
111  17.13891767 -061.79203035
111  17.13996295 -061.79025993
111  17.14068633 -061.79072765
113  17.13964105 -061.79249807
110 2 0.25 58.2900 xxx
111  17.13913342 -061.79130352
111  17.13995090 -061.78991893
111  17.14022858 -061.79009848
113  17.13941110 -061.79148307
110 2 0.25 58.2900 xxx
111  17.13895742 -061.79133152
111  17.13977490 -061.78994693
111  17.14005258 -061.79012648
113  17.13923510 -061.79151107
110 2 0.25 58.2900 xxx
111  17.13877142 -061.79137152
111  17.13958890 -061.78998694
111  17.13986658 -061.79016648
113  17.13904910 -061.79155107
110 2 0.25 58.2900 xxx
111  17.13862042 -061.79150752
111  17.13943790 -061.79012294
111  17.13971558 -061.79030248
113  17.13889810 -061.79168706
110 2 0.25 148.2900 xxx
111  17.13759754 -061.79357048
111  17.13650312 -061.79286287
111  17.13661846 -061.79266752
113  17.13771288 -061.79337512
110 1 0.25 0.0000 Golf Link
111  17.13416190 -061.79902649
111  17.13343873 -061.79904755
111  17.13317819 -061.79909310
111  17.13344730 -061.79863469
111  17.13349828 -061.79875933
111  17.13365460 -061.79879828
111  17.13398214 -061.79879828
111  17.13420546 -061.79875933
113  17.13437667 -061.79866585
110 2 0.25 58.2900 xxx
111  17.13295254 -061.80106846
111  17.13719278 -061.79388684
111  17.13737946 -061.79400754
113  17.13313922 -061.80118916
110 2 0.25 95.0900 xxx
111  17.14216941 -061.78856707
111  17.14103998 -061.77529766
111  17.14117659 -061.77528493
113  17.14230602 -061.78855434
110 2 0.25 4.7600 xxx
111  17.14131111 -061.78817182
111  17.14293262 -061.78801626
111  17.14300318 -061.78890304
113  17.14216268 -061.78898602
110 2 0.25 94.7600 xxx
111  17.14257082 -061.78955189
111  17.14240579 -061.78747795
111  17.14325318 -061.78740411
113  17.14341821 -061.78947805
110 2 0.25 94.7600 xxx
111  17.14080795 -061.77792828
111  17.14073716 -061.77703864
111  17.14104605 -061.77701172
113  17.14111684 -061.77790136
110 2 0.25 94.7600 xxx
111  17.14086880 -061.77885511
111  17.14082031 -061.77824581
111  17.14112920 -061.77821889
113  17.14117768 -061.77882819
110 2 0.25 94.7600 xxx
111  17.14056324 -061.77534850
111  17.14048505 -061.77433495
111  17.14110476 -061.77427385
113  17.14117555 -061.77529514
110 2 0.25 211.2900 xxx
111  17.13313030 -061.80117975
111  17.13255367 -061.80154648
111  17.13243970 -061.80135025
113  17.13301633 -061.80098352
110 2 0.25 21.0000 xxx
111  17.13786983 -061.79082395
111  17.13820529 -061.79068919
111  17.13827017 -061.79086606
113  17.13793471 -061.79100081
110 2 0.25 21.0000 xxx
111  17.13737583 -061.79323094
111  17.13771129 -061.79309619
111  17.13777617 -061.79327306
113  17.13744071 -061.79340781
110 2 0.25 21.0000 xxx
111  17.13654283 -061.79304595
111  17.13687829 -061.79291119
111  17.13694317 -061.79308805
113  17.13660771 -061.79322281
110 2 0.25 21.0000 xxx
111  17.13868683 -061.79099294
111  17.13902229 -061.79085819
111  17.13908717 -061.79103506
113  17.13875171 -061.79116981
110 2 0.25 285.0000 xxx
111  17.13878293 -061.79103688
111  17.13887594 -061.79140009
111  17.13870107 -061.79144912
113  17.13860807 -061.79108591
110 2 0.25 285.0000 xxx
111  17.13824693 -061.79036688
111  17.13833994 -061.79073009
111  17.13816507 -061.79077912
113  17.13807206 -061.79041591
110 2 0.25 285.0000 xxx
111  17.13695093 -061.79260488
111  17.13704394 -061.79296809
111  17.13686907 -061.79301712
113  17.13677606 -061.79265391
110 2 0.25 285.0000 xxx
111  17.13747093 -061.79326888
111  17.13756393 -061.79363209
111  17.13738907 -061.79368112
113  17.13729607 -061.79331791
110 2 0.25 201.0000 xxx
111  17.14315717 -061.78265906
111  17.14282171 -061.78279381
111  17.14275683 -061.78261695
113  17.14309229 -061.78248218
120 Linear Feature 6
111  17.12860631 -061.80557292 1
111  17.12858930 -061.80563329 1
111  17.12858678 -061.80567585 1
111  17.12859505 -061.80572465 1
111  17.12861642 -061.80576626 1
111  17.12865044 -061.80581894 1
111  17.12870283 -061.80586439 1
112  17.12874420 -061.80589108  17.12874489 -061.80589181 1
112  17.12880143 -061.80592860  17.12880280 -061.80592860 1
112  17.12886348 -061.80595890  17.12886692 -061.80595962 1
111  17.12892898 -061.80597405 1
111  17.12896965 -061.80597405 1
111  17.12900895 -061.80596179 1
111  17.12904274 -061.80594014 1
111  17.12907169 -061.80590624 1
111  17.12909031 -061.80588026 1
111  17.12911168 -061.80583553 1
111  17.12912202 -061.80579946 1
111  17.12912892 -061.80576411 1
111  17.12913374 -061.80571938 1
111  17.12912823 -061.80568186 1
111  17.12912848 -061.80565084 1
111  17.12915029 -061.80558855 1
115  17.12918226 -061.80552314
120 Linear Feature 6
111  17.12868917 -061.80596617 102
111  17.12831757 -061.80573130 102
111  17.12867622 -061.80513348 102
115  17.12922849 -061.80503179
120 Linear Feature 2
111  17.12869150 -061.80594544 3
111  17.12834162 -061.80572769 3
111  17.12867558 -061.80515461 3
115  17.12921516 -061.80505009
120 Linear Feature 3
111  17.12948498 -061.80488410 1
111  17.12933979 -061.80511573 1
111  17.12929103 -061.80517167 1
111  17.12923982 -061.80519793 1
111  17.12917080 -061.80521785 1
111  17.12909701 -061.80523030 1
111  17.12901846 -061.80524027 1
111  17.12894230 -061.80525272 1
111  17.12887327 -061.80527514 1
111  17.12882329 -061.80529257 1
111  17.12877568 -061.80531997 1
111  17.12873284 -061.80536978 1
112  17.12869476 -061.80542707  17.12869476 -061.80542956 1
111  17.12865667 -061.80549182 1
111  17.12860657 -061.80557280 1
111  17.12853278 -061.80569727 1
115  17.12846729 -061.80580551
120 Linear Feature 7
111  17.14261397 -061.78280558 1
111  17.14269802 -061.78268768 1
111  17.14273915 -061.78265212 1
111  17.14277491 -061.78263715 1
111  17.14307534 -061.78254171 1
111  17.14310217 -061.78252300 1
111  17.14311647 -061.78251177 1
111  17.14314666 -061.78247279 1
111  17.14334991 -061.78213151 1
111  17.14336609 -061.78206920 1
111  17.14336242 -061.78201626 1
111  17.14334820 -061.78197271 1
111  17.14332007 -061.78193026 1
111  17.14328505 -061.78189421 1
111  17.14323912 -061.78185609 1
111  17.14319271 -061.78183450 1
111  17.14313287 -061.78181068 1
111  17.14306853 -061.78180200 1
111  17.14302579 -061.78180830 1
111  17.14298344 -061.78182752 1
111  17.14294946 -061.78186623 1
111  17.14291906 -061.78191497 1
111  17.14290052 -061.78196085 1
111  17.14289917 -061.78201343 1
111  17.14290620 -061.78206022 1
111  17.14291501 -061.78211449 1
111  17.14290420 -061.78216077 1
111  17.14288387 -061.78220719 1
111  17.14285347 -061.78226817 1
115  17.14281504 -061.78233572
120 Linear Feature 20
111  17.14134806 -061.78445004 102
111  17.14117598 -061.78432660 102
111  17.14116210 -061.78418284 102
115  17.14114407 -061.78398389
120 Linear Feature 19
111  17.14108488 -061.78793829 2
115  17.14122308 -061.78762225
120 Linear Feature 18
111  17.14119649 -061.78827528 3
111  17.14112073 -061.78821028 3
112  17.14108178 -061.78817396  17.14107506 -061.78816518 3
111  17.14105827 -061.78812641 3
112  17.14105558 -061.78808295  17.14105558 -061.78807943 3
111  17.14105793 -061.78803680 3
111  17.14106286 -061.78799884 3
111  17.14107271 -061.78796617 3
115  17.14108503 -061.78793828
120 Linear Feature 17
111  17.14100564 -061.78828679 51
111  17.14095795 -061.78822225 51
112  17.14093778 -061.78815529  17.14093628 -061.78814627 51
112  17.14093429 -061.78808206  17.14093458 -061.78806595 51
111  17.14093917 -061.78803558 51
111  17.14095194 -061.78798532 51
115  17.14097871 -061.78790591
120 Linear Feature 16
111  17.14147340 -061.78860487 51
111  17.14107457 -061.78833347 51
111  17.14100549 -061.78828670 51
111  17.14092923 -061.78826118 51
111  17.14086091 -061.78825997 51
111  17.14079254 -061.78829319 51
115  17.14075097 -061.78833042
120 Linear Feature 15
111  17.14030415 -061.78913315 51
112  17.14036939 -061.78904893  17.14037433 -061.78904290 51
111  17.14043262 -061.78900489 51
111  17.14048795 -061.78897973 51
111  17.14054399 -061.78897276 51
111  17.14060303 -061.78898030 51
111  17.14057336 -061.78892483 51
111  17.14055682 -061.78886405 51
111  17.14055293 -061.78879979 51
111  17.14056149 -061.78874255 51
111  17.14057830 -061.78867420 51
115  17.14060008 -061.78860281
120 Linear Feature 14
111  17.13998783 -061.78969650 51
112  17.14003533 -061.78964207  17.14003834 -061.78963922 51
112  17.14009577 -061.78959598  17.14010917 -061.78958897 51
111  17.14016048 -061.78957046 51
111  17.14022365 -061.78956470 51
111  17.14027177 -061.78957133 51
111  17.14024487 -061.78952627 51
111  17.14022420 -061.78947518 51
111  17.14021457 -061.78942788 51
111  17.14021778 -061.78936167 51
111  17.14022896 -061.78929270 51
115  17.14027594 -061.78918274
120 Linear Feature 13
111  17.13966977 -061.79026259 51
111  17.13972817 -061.79018930 51
111  17.13978345 -061.79014590 51
111  17.13984444 -061.79012232 51
111  17.13992097 -061.79011119 51
111  17.13999027 -061.79012556 51
111  17.13995242 -061.79006119 51
112  17.13993552 -061.78998826  17.13993552 -061.78997890 51
112  17.13993213 -061.78992234  17.13993213 -061.78991065 51
111  17.13993443 -061.78986021 51
111  17.13995042 -061.78979820 51
115  17.13996858 -061.78973002
120 Linear Feature 11
111  17.13904685 -061.79108038 51
111  17.13913767 -061.79109125 51
111  17.13919565 -061.79110792 51
112  17.13923636 -061.79112442  17.13924530 -061.79112676 51
111  17.13931466 -061.79116282 51
111  17.13928660 -061.79111784 51
111  17.13927140 -061.79107883 51
111  17.13926911 -061.79102989 51
111  17.13928093 -061.79098871 51
111  17.13929317 -061.79094944 51
111  17.13930399 -061.79092170 51
115  17.13932069 -061.79088229
120 Linear Feature 10
111  17.13862070 -061.79167046 51
111  17.13865938 -061.79162650 51
111  17.13870171 -061.79160065 51
111  17.13874854 -061.79158859 51
111  17.13879313 -061.79158342 51
111  17.13884315 -061.79159636 51
111  17.13881313 -061.79155020 51
111  17.13879831 -061.79151044 51
111  17.13878819 -061.79146404 51
111  17.13878961 -061.79142439 51
111  17.13879514 -061.79138968 51
115  17.13880574 -061.79135065
120 Linear Feature 9
111  17.13836815 -061.79210719 51
111  17.13841377 -061.79206889 51
111  17.13845939 -061.79204169 51
111  17.13851163 -061.79202815 51
111  17.13857011 -061.79202236 51
111  17.13860494 -061.79202926 51
111  17.13858682 -061.79199876 51
111  17.13856270 -061.79194079 51
111  17.13855058 -061.79188712 51
111  17.13855188 -061.79183873 51
111  17.13856141 -061.79178924 51
115  17.13857224 -061.79175341
120 Linear Feature 8
111  17.13808751 -061.79258391 51
111  17.13814135 -061.79253603 51
112  17.13818746 -061.79250623  17.13818970 -061.79250390 51
111  17.13823628 -061.79248740 51
111  17.13829170 -061.79247497 51
111  17.13833311 -061.79247780 51
111  17.13831193 -061.79243904 51
111  17.13829721 -061.79238439 51
112  17.13829781 -061.79232617  17.13829781 -061.79232383 51
111  17.13830134 -061.79226917 51
111  17.13830664 -061.79223224 51
115  17.13831841 -061.79219235
120 Linear Feature 7
111  17.13785271 -061.79297749 51
111  17.13790780 -061.79293972 51
111  17.13795969 -061.79291866 51
112  17.13800444 -061.79290864  17.13801276 -061.79290719 51
111  17.13804434 -061.79290872 51
111  17.13807690 -061.79291337 51
111  17.13805957 -061.79288298 51
111  17.13804449 -061.79284437 51
111  17.13803328 -061.79279319 51
111  17.13803018 -061.79274450 51
111  17.13804035 -061.79268343 51
115  17.13806302 -061.79262439
120 Linear Feature 6
111  17.13760244 -061.79339543 51
111  17.13765226 -061.79334902 51
111  17.13769667 -061.79332579 51
111  17.13775218 -061.79331417 51
111  17.13779242 -061.79330836 51
111  17.13782336 -061.79331170 51
111  17.13780927 -061.79328070 51
111  17.13780212 -061.79324983 51
112  17.13779392 -061.79318761  17.13779448 -061.79318740 51
111  17.13779386 -061.79312736 51
111  17.13780365 -061.79307617 51
115  17.13781740 -061.79303521
120 Linear Feature 5
111  17.13744082 -061.79366622 51
111  17.13745544 -061.79364786 51
111  17.13746604 -061.79363524 51
111  17.13747663 -061.79362874 51
111  17.13749271 -061.79362186 51
111  17.13750989 -061.79361918 51
111  17.13752523 -061.79362071 51
111  17.13751902 -061.79360542 51
111  17.13751573 -061.79359012 51
111  17.13751646 -061.79357291 51
111  17.13751646 -061.79355762 51
112  17.13752012 -061.79354423  17.13752048 -061.79354194 51
111  17.13752414 -061.79352970 51
115  17.13753181 -061.79351326
120 Linear Feature 3
111  17.13731370 -061.79387892 51
111  17.13733025 -061.79386469 51
111  17.13734789 -061.79385091 51
111  17.13736776 -061.79384317 51
111  17.13738364 -061.79384120 51
111  17.13739904 -061.79384327 51
111  17.13739137 -061.79382968 51
111  17.13738656 -061.79381421 51
111  17.13738531 -061.79379290 51
111  17.13738606 -061.79377696 51
111  17.13738806 -061.79376142 51
115  17.13739420 -061.79374397
120 Linear Feature 2
111  17.13718528 -061.79409517 51
111  17.13720108 -061.79407992 51
111  17.13721670 -061.79407033 51
111  17.13722876 -061.79406566 51
111  17.13724182 -061.79406268 51
111  17.13725402 -061.79406332 51
111  17.13726432 -061.79406501 51
111  17.13725715 -061.79404965 51
111  17.13725279 -061.79403192 51
111  17.13725032 -061.79401249 51
111  17.13725164 -061.79399277 51
115  17.13725658 -061.79397410
120 Linear Feature 49
111  17.13812357 -061.79388283 51
111  17.13787085 -061.79382642 51
111  17.13774633 -061.79376542 51
115  17.13752482 -061.79362039
120 Linear Feature 49
111  17.13799518 -061.79411273 51
111  17.13774531 -061.79405631 51
111  17.13762936 -061.79399233 51
115  17.13739928 -061.79384356
120 Linear Feature 49
111  17.13788391 -061.79431575 51
111  17.13762263 -061.79427128 51
111  17.13749811 -061.79421625 51
115  17.13726449 -061.79406524
120 Linear Feature 46
111  17.13835405 -061.79365458 51
115  17.13782376 -061.79331157
120 Linear Feature 45
111  17.13859058 -061.79325290 51
115  17.13807502 -061.79291229
120 Linear Feature 44
111  17.13884821 -061.79281235 51
115  17.13833302 -061.79247759
120 Linear Feature 43
111  17.13911318 -061.79236639 51
115  17.13860519 -061.79202957
120 Linear Feature 42
111  17.13954818 -061.79205027 51
115  17.13884219 -061.79159617
120 Linear Feature 41
111  17.13986822 -061.79150557 51
115  17.13931399 -061.79116204
120 Linear Feature 12
111  17.13939241 -061.79075598 51
111  17.13943307 -061.79073089 51
111  17.13947269 -061.79070689 51
111  17.13952482 -061.79069052 51
111  17.13958425 -061.79067961 51
111  17.13961761 -061.79067634 51
111  17.13964367 -061.79068179 51
111  17.13963742 -061.79065343 51
112  17.13963742 -061.79060542  17.13963742 -061.79060106 51
111  17.13963221 -061.79055523 51
111  17.13963116 -061.79048541 51
111  17.13963012 -061.79043304 51
111  17.13963012 -061.79038612 51
115  17.13963638 -061.79032611
120 Linear Feature 40
111  17.14036365 -061.79113769 51
115  17.13964361 -061.79068071
120 Linear Feature 39
111  17.14133853 -061.78949590 51
115  17.14060315 -061.78898045
120 Linear Feature 38
111  17.14102936 -061.79005613 51
115  17.14027180 -061.78957124
120 Linear Feature 37
111  17.14071831 -061.79060256 51
115  17.13998927 -061.79012519
120 Linear Feature 36
111  17.14147340 -061.78860486 51
111  17.14156389 -061.78870536 51
115  17.14163715 -061.78892735
120 Linear Feature 35
111  17.13854116 -061.79082822 4
115  17.13843909 -061.79100940
120 Linear Feature 34
111  17.13696754 -061.79267317 102
111  17.13703448 -061.79293781 102
111  17.13725349 -061.79308051 102
111  17.13744540 -061.79320505 102
111  17.13764044 -061.79312894 102
115  17.13767185 -061.79307532
120 Linear Feature 33
111  17.13737144 -061.79359241 102
111  17.13731437 -061.79338237 102
111  17.13688616 -061.79310714 102
115  17.13665824 -061.79319781
120 Linear Feature 32
111  17.13743626 -061.79335082 51
111  17.13747806 -061.79336694 51
111  17.13751766 -061.79337269 51
111  17.13755506 -061.79337499 51
111  17.13758806 -061.79337039 51
111  17.13761666 -061.79335773 51
111  17.13763141 -061.79334271 51
115  17.13764351 -061.79332586
120 Linear Feature 31
111  17.13682807 -061.79293620 51
111  17.13680267 -061.79288777 51
111  17.13677952 -061.79282870 51
111  17.13676992 -061.79277672 51
111  17.13676146 -061.79270642 51
111  17.13676597 -061.79266921 51
111  17.13677501 -061.79264499 51
111  17.13678896 -061.79261275 51
115  17.13680944 -061.79258380
120 Linear Feature 30
111  17.13746965 -061.79361709 51
111  17.13748793 -061.79355137 51
111  17.13749759 -061.79349069 51
111  17.13749276 -061.79342834 51
111  17.13747504 -061.79338452 51
111  17.13743800 -061.79335081 51
111  17.13682762 -061.79293622 51
111  17.13677931 -061.79292105 51
111  17.13672133 -061.79291768 51
111  17.13667945 -061.79291937 51
111  17.13661020 -061.79294128 51
112  17.13658282 -061.79296824  17.13658121 -061.79296824 51
111  17.13656038 -061.79300375 51
115  17.13653966 -061.79303622
120 Linear Feature 28
111  17.13725044 -061.79308723 4
115  17.13714644 -061.79326914
120 Linear Feature 27
111  17.13439012 -061.79867026 3
111  17.13422072 -061.79876902 3
111  17.13398356 -061.79880701 3
111  17.13365081 -061.79881207 3
111  17.13348446 -061.79876269 3
111  17.13345905 -061.79867406 3
111  17.13345542 -061.79860948 3
115  17.13346631 -061.79858922
120 Linear Feature 26
111  17.13315534 -061.79912102 3
111  17.13332837 -061.79905138 3
111  17.13347962 -061.79903619 3
111  17.13388739 -061.79902479 3
111  17.13401444 -061.79901973 3
115  17.13417958 -061.79901340
120 Linear Feature 23
111  17.13417941 -061.79901242 53
111  17.13434682 -061.79897787 53
111  17.13443171 -061.79891866 53
111  17.13453074 -061.79879528 53
111  17.13460148 -061.79868671 53
111  17.13572386 -061.79679171 53
111  17.13684973 -061.79487922 53
111  17.13727888 -061.79415359 53
111  17.13730717 -061.79414372 53
115  17.13733783 -061.79416593
120 Linear Feature 22
111  17.13712184 -061.79402415 53
111  17.13535211 -061.79702187 53
115  17.13438926 -061.79866944
120 Linear Feature 21
111  17.13712152 -061.79402460 3
111  17.13737452 -061.79359294 3
111  17.13731732 -061.79337998 3
111  17.13688832 -061.79309911 3
115  17.13667822 -061.79317854
120 Linear Feature 19
111  17.13893971 -061.79088387 102
111  17.13876136 -061.79095352 102
111  17.13833277 -061.79067216 102
115  17.13828219 -061.79047995
120 Linear Feature 18
111  17.13867883 -061.79134909 102
111  17.13862160 -061.79113459 102
111  17.13822097 -061.79088248 102
115  17.13797074 -061.79097998
120 Linear Feature 17
111  17.13894370 -061.79090059 3
111  17.13876402 -061.79097162 3
111  17.13831946 -061.79068470 3
115  17.13826489 -061.79048274
120 Linear Feature 16
111  17.13797873 -061.79096884 3
111  17.13823029 -061.79087413 3
111  17.13862559 -061.79112902 3
115  17.13868416 -061.79134769
120 Linear Feature 20
111  17.13868476 -061.79134835 3
111  17.13838949 -061.79185783 3
111  17.13795275 -061.79260974 3
111  17.13764475 -061.79313349 3
111  17.13744520 -061.79321166 3
111  17.13702720 -061.79294115 3
115  17.13696637 -061.79269596
120 Linear Feature 11
111  17.14123582 -061.78763129 102
111  17.14130237 -061.78746034 102
111  17.14139675 -061.78710326 102
111  17.14142832 -061.78692979 102
111  17.14144280 -061.78673605 102
111  17.14145498 -061.78655878 102
111  17.14145346 -061.78583895 102
111  17.14144469 -061.78543402 102
111  17.14145746 -061.78524098 102
115  17.14149399 -061.78501017
120 Linear Feature 10
111  17.14098103 -061.78767089 102
111  17.14105471 -061.78740670 102
111  17.14109336 -061.78716612 102
111  17.14112759 -061.78683241 102
111  17.14112235 -061.78654294 102
111  17.14104744 -061.78636622 102
111  17.14097136 -061.78630022 102
111  17.14086315 -061.78629751 102
111  17.14075558 -061.78634364 102
115  17.14063867 -061.78644938
120 Linear Feature 8
111  17.14076668 -061.78543412 102
111  17.14072389 -061.78491612 102
111  17.14073077 -061.78463592 102
111  17.14085314 -061.78446877 102
115  17.14081587 -061.78401470
120 Linear Feature 6
111  17.14133835 -061.78446711 3
111  17.14115575 -061.78433913 3
111  17.14113968 -061.78418750 3
115  17.14112020 -061.78397987
120 Linear Feature 7
111  17.14084029 -061.78411335 4
115  17.14113001 -061.78408383
120 Linear Feature 5
111  17.14077034 -061.78542434 3
111  17.14073388 -061.78490722 3
111  17.14074359 -061.78464155 3
111  17.14086863 -061.78447671 3
111  17.14085623 -061.78429132 3
115  17.14083143 -061.78400953
120 Linear Feature 4
111  17.14083195 -061.78568643 1
111  17.14089788 -061.78557255 1
111  17.14098280 -061.78540992 1
111  17.14105061 -061.78526626 1
111  17.14108831 -061.78516150 1
111  17.14109185 -061.78501690 1
111  17.14107236 -061.78484193 1
111  17.14104933 -061.78461946 1
111  17.14102099 -061.78435250 1
111  17.14100682 -061.78415599 1
111  17.14099619 -061.78403548 1
111  17.14098910 -061.78391498 1
111  17.14097670 -061.78377408 1
111  17.14096607 -061.78365729 1
115  17.14094481 -061.78341999
120 Linear Feature 2
111  17.14122295 -061.78762217 3
111  17.14128495 -061.78745717 3
111  17.14138061 -061.78710123 3
111  17.14140365 -061.78692881 3
111  17.14141782 -061.78674157 3
111  17.14143022 -061.78655555 3
111  17.14142158 -061.78575936 3
111  17.14141186 -061.78544696 3
111  17.14143264 -061.78519943 3
115  17.14146934 -061.78500244
120 Linear Feature 1
111  17.14098396 -061.78767334 3
111  17.14106191 -061.78740823 3
111  17.14110053 -061.78716481 3
111  17.14113384 -061.78683204 3
111  17.14112622 -061.78654561 3
111  17.14105817 -061.78635470 3
111  17.14097192 -061.78628587 3
111  17.14085554 -061.78628872 3
111  17.14074666 -061.78633954 3
115  17.14063801 -061.78643593
120 b2
111  17.13904912 -061.79107960 51
111  17.13892802 -061.79109438 51
111  17.13884975 -061.79109438 51
111  17.13878974 -061.79108073 51
111  17.13873234 -061.79105615 51
115  17.13858702 -061.79097888
120 b1
111  17.13821833 -061.79073962 51
111  17.13817076 -061.79068834 51
111  17.13814528 -061.79062475 51
111  17.13813352 -061.79054885 51
111  17.13813156 -061.79046474 51
111  17.13814528 -061.79039295 51
111  17.13817272 -061.79032525 51
111  17.13820212 -061.79026371 51
111  17.13822761 -061.79022064 51
115  17.13826289 -061.79015499
120 B
111  17.13875704 -061.79143423 51
111  17.13877923 -061.79136012 51
111  17.13879688 -061.79128754 51
111  17.13879491 -061.79119789 51
111  17.13876584 -061.79112020 51
111  17.13871533 -061.79106404 51
112  17.13862378 -061.79100457  17.13861431 -061.79099466 51
111  17.13821696 -061.79073868 51
111  17.13810795 -061.79069230 51
112  17.13805046 -061.79069025  17.13804731 -061.79069356 51
111  17.13798002 -061.79071293 51
112  17.13793964 -061.79073560  17.13793648 -061.79073560 51
112  17.13788826 -061.79078720  17.13788195 -061.79079381 51
111  17.13783253 -061.79086194 51
115  17.13777178 -061.79094738
120 c-b link
111  17.13892550 -061.79114402 51
111  17.13897476 -061.79110415 51
111  17.13904869 -061.79107974 51
111  17.13912980 -061.79107904 51
111  17.13918926 -061.79107115 51
111  17.13923481 -061.79103251 51
115  17.13926734 -061.79097602
120 C2
111  17.14124017 -061.78592185 1
111  17.14122452 -061.78563516 1
111  17.14121669 -061.78548773 1
111  17.14122452 -061.78533210 1
111  17.14124539 -061.78521742 1
111  17.14127670 -061.78511640 1
111  17.14131584 -061.78503176 1
111  17.14135758 -061.78495804 1
111  17.14140194 -061.78488432 1
115  17.14144107 -061.78482152
120 C1
111  17.14093411 -061.78799963 1
111  17.14105964 -061.78773207 1
111  17.14114439 -061.78750560 1
111  17.14119334 -061.78728835 1
111  17.14122455 -061.78711433 1
111  17.14125828 -061.78684211 1
111  17.14127235 -061.78655555 1
111  17.14126872 -061.78638873 1
112  17.14126490 -061.78624735  17.14126490 -061.78624755 1
111  17.14125623 -061.78609359 1
111  17.14123974 -061.78592052 1
111  17.14121440 -061.78582731 1
111  17.14116558 -061.78577906 1
111  17.14106616 -061.78576434 1
111  17.14093050 -061.78579057 1
111  17.14084838 -061.78584870 1
111  17.14076875 -061.78592029 1
115  17.14068479 -061.78604153
120 Linear Feature 12
111  17.13960676 -061.79013332 53
111  17.14083551 -061.78794184 53
115  17.14098378 -061.78767316
120 Linear Feature 24
111  17.14142082 -061.78669999 4
115  17.14113101 -061.78669585
120 new ramp-C
111  17.13926507 -061.79098081 51
111  17.14046072 -061.78885417 51
115  17.14093439 -061.78799871
120 B-A
111  17.13722997 -061.79401884 51
111  17.13824824 -061.79231304 51
111  17.13877539 -061.79140220 51
115  17.13892437 -061.79114637
120 Linear Feature 19
111  17.13381380 -061.79879534 4
115  17.13381408 -061.79903796
120 Linear Feature 17
111  17.13441958 -061.79857559 102
111  17.13435644 -061.79866869 102
111  17.13426460 -061.79871974 102
111  17.13419572 -061.79875578 102
111  17.13398334 -061.79879182 102
111  17.13365903 -061.79879182 102
111  17.13354423 -061.79876779 102
111  17.13349693 -061.79874771 102
111  17.13348289 -061.79869271 102
111  17.13347822 -061.79863265 102
111  17.13348396 -061.79859661 102
115  17.13350405 -061.79856357
120 Linear Feature 16
111  17.13431902 -061.79929148 106
115  17.13404768 -061.79912157
120 Linear Feature 15
111  17.13316364 -061.79913670 102
111  17.13331126 -061.79907330 102
111  17.13343827 -061.79905394 102
111  17.13383467 -061.79904024 102
111  17.13405477 -061.79903332 102
111  17.13415967 -061.79902746 102
111  17.13423884 -061.79902205 102
111  17.13432920 -061.79900541 102
111  17.13441126 -061.79897401 102
111  17.13447457 -061.79890995 102
111  17.13454263 -061.79881755 102
115  17.13461912 -061.79869265
120 Linear Feature 13
111  17.13339582 -061.79891955 51
111  17.13328951 -061.79888086 51
111  17.13324791 -061.79880831 51
111  17.13324329 -061.79869706 51
111  17.13328489 -061.79856647 51
111  17.13335422 -061.79842137 51
115  17.13344204 -061.79825692
120 Linear Feature 12
111  17.13290683 -061.79919882 51
111  17.13302701 -061.79902953 51
111  17.13315181 -061.79895698 51
111  17.13332745 -061.79892312 51
112  17.13350771 -061.79890861  17.13351233 -061.79891345 51
111  17.13411516 -061.79890613 51
111  17.13426945 -061.79888207 51
111  17.13438817 -061.79883631 51
112  17.13447751 -061.79871094  17.13447976 -061.79870846 51
111  17.13457519 -061.79854076 51
111  17.13606919 -061.79599585 51
111  17.13651441 -061.79523281 51
115  17.13723055 -061.79401775
120 Linear Feature 14
111  17.14281950 -061.78279435 102
111  17.14316447 -061.78266135 102
111  17.14356650 -061.78198006 102
115  17.14336678 -061.78184977
120 Linear Feature 13
111  17.14284285 -061.78275092 3
111  17.14314891 -061.78263964 3
111  17.14353019 -061.78197735 3
115  17.14335900 -061.78187149
21  17.13316355 -061.79955021 2 58.2800 3.00 07  PAPI-4L
21  17.14143735 -061.78404075 2 238.2900 3.00 25  PAPI-4L
20  17.14075662 -061.78412897 275.0000 0 2 {@R}07-25
20  17.13840843 -061.79107463 148.9500 0 2 {@L}B{@R}25-07
20  17.13710977 -061.79334297 147.9800 0 2 {@L}A{@R}25-07
20  17.13382205 -061.79909582 183.1700 0 2 {@L}G{@R}25-07
20  17.13323348 -061.79922279 60.1400 0 2 {@Y}{^lu}G
20  17.13371010 -061.79842309 237.0900 0 2 {@Y}{^rd}G
20  17.13844170 -061.79044140 235.4000 0 2 {@Y}{^r}B
20  17.13803448 -061.79113896 57.0700 0 2 {@Y}{^l}B
20  17.13714292 -061.79263247 238.5000 0 2 {@Y}{^r}A
20  17.13671755 -061.79336802 59.0400 0 2 {@Y}{^l}A
20  17.14063693 -061.78674631 56.5000 0 2 {@Y}{^ld}C
20  17.14150583 -061.78670559 86.1900 0 2 {@L}C{@R}25-07
14  17.13995296 -061.79262880 164.04 0 Tower Viewpoint
1300  17.14049090 -061.79121852 328.00 gate heavy|jets|turboprops Stand 5
1301 C none 
1300  17.13999264 -061.79158397 -31.76 gate jets|turboprops Stand 6
1301 C none 
1300  17.13966417 -061.79212439 328.00 gate jets|turboprops Stand 7
1301 C none 
1300  17.13781000 -061.79430284 351.90 gate props|helos|fighters Stand 16
1301 B none 
1300  17.13792333 -061.79409507 349.58 gate props|helos|fighters Stand 15
1301 B none 
1300  17.13805114 -061.79386563 -10.62 gate props|helos|fighters Stand 14
1301 B none 
1300  17.13847144 -061.79372867 328.00 gate jets|turboprops|props|helos Stand 11
1301 C none 
1300  17.13870930 -061.79333066 328.00 gate jets|turboprops|props|helos Stand 10
1301 D none 
1300  17.13923285 -061.79244436 328.00 misc jets|turboprops|props|helos Stand 8
1301 D none 
1300  17.13896265 -061.79288655 328.00 gate jets|turboprops|props|helos Stand 9
1301 D none 
1300  17.14167994 -061.78906286 289.00 gate heavy Stand 1
1301 F none 
1300  17.14145096 -061.78957085 327.00 gate heavy Stand 2
1301 E none 
1300  17.14114530 -061.79013364 328.00 gate heavy Stand 3
1301 E none 
1300  17.14083717 -061.79068017 328.00 gate heavy Stand 4
1301 E none 
18  17.13997743 -061.79265049 1 BCN
19  17.14235937 -061.78461441 1 Windsock
19  17.13186493 -061.79958775 1 Windsock
53 12190 GND
54 11820 TWR
55 11910 APP
99
