I
1050 Generated by WorldEditor 1.6.0r1

1     35 1 0 TFFR Pointe-à-Pitre Le Raizet
1302 city Pointe-à-Pitre Le Raizet
1302 country Guadeloupe
1302 datum_lat 16.264166667
1302 datum_lon -61.525833333
1302 faa_code 
1302 iata_code PTP
1302 icao_code TFFR
1302 region_code TF
1302 state (unassigned)
1302 transition_alt 9000
1302 transition_level 
100 45.00 1 1 0.25 0 2 1 12  16.26802279 -061.54617611  400    0 3 1 1 0 30  16.26255153 -061.51743948  250    0 3 1 1 0
110 1 0.00 0.0000 Polygon from DSF lib/airport/Modern_Airports/Facades/Garage_3.fac 
111  16.27101374 -061.52361349
112  16.27122332 -061.52311268  16.27131111 -061.52301469
111  16.27122332 -061.52311268
111  16.27126554 -061.52313787
111  16.27131724 -061.52305462
111  16.27128261 -061.52303140
111  16.27124941 -061.52308114
111  16.27109501 -061.52308297
112  16.27150136 -061.52255808  16.27165306 -061.52243109
111  16.27150136 -061.52255808
112  16.27150136 -061.52255808  16.27161784 -061.52241698
112  16.27173432 -061.52275562  16.27161603 -061.52289854
111  16.27173432 -061.52275562
112  16.27173432 -061.52275562  16.27159879 -061.52289665
111  16.27142933 -061.52313527
111  16.27137684 -061.52309984
111  16.27132923 -061.52317656
111  16.27138425 -061.52321112
112  16.27116545 -061.52368404  16.27111711 -061.52382513
111  16.27116545 -061.52368404
112  16.27116545 -061.52368404  16.27112338 -061.52380553
114  16.27101374 -061.52361349  16.27105980 -061.52349215
110 1 0.00 0.0000 Polygon from DSF lib/airport/Common_Elements/Fence_Facades/Fenced_Parking.fac 
111  16.27368776 -061.52570068
111  16.27357247 -061.52520740
111  16.27333297 -061.52525843
111  16.27323557 -061.52528445
111  16.27330687 -061.52556322
111  16.27334742 -061.52572176
111  16.27341504 -061.52598618
112  16.27341504 -061.52598618  16.27258075 -061.52618948
112  16.27185958 -061.52518400  16.27179615 -061.52489938
111  16.27185958 -061.52518400
111  16.27217671 -061.52512894
111  16.27224806 -061.52549742
111  16.27323557 -061.52528445
111  16.27333297 -061.52525843
111  16.27326240 -061.52486226
111  16.27273479 -061.52496129
111  16.27258108 -061.52405270
111  16.27168453 -061.52423571
112  16.27164646 -061.52388062  16.27164646 -061.52382915
112  16.27186001 -061.52365682  16.27196589 -061.52362985
111  16.27434633 -061.52330505
111  16.27451922 -061.52346711
111  16.27459946 -061.52371118
111  16.27452244 -061.52372434
111  16.27459444 -061.52388175
111  16.27461123 -061.52396354
112  16.27461123 -061.52396354  16.27462535 -061.52401256
111  16.27466045 -061.52399073
112  16.27466045 -061.52399073  16.27470986 -061.52398828
112  16.27474005 -061.52414388  16.27475182 -061.52421005
111  16.27474005 -061.52414388
111  16.27480618 -061.52486634
112  16.27480618 -061.52486634  16.27481324 -061.52500115
112  16.27466429 -061.52512202  16.27456782 -061.52516859
111  16.27466429 -061.52512202
111  16.27466557 -061.52528498
111  16.27456330 -061.52539577
111  16.27401944 -061.52577751
112  16.27401944 -061.52577751  16.27397639 -061.52580723
114  16.27368776 -061.52570068  16.27365999 -061.52559344
110 2 0.00 0.0000 Polygon from DSF lib/airport/Common_Elements/Misc_Buildings/White_Warehouse.fac 
111  16.26053274 -061.52183028
111  16.26054962 -061.52194107
111  16.26064250 -061.52192516
111  16.26082951 -061.52294529
111  16.26038527 -061.52301628
111  16.26019386 -061.52200934
111  16.26027812 -061.52199471
111  16.26025939 -061.52188335
111  16.26018961 -061.52189254
111  16.26007226 -061.52125196
111  16.26050390 -061.52119050
113  16.26061983 -061.52181429
110 2 0.00 0.0000 Polygon from DSF lib/airport/Common_Elements/Misc_Buildings/Blue_Warehouse.fac 
111  16.26017876 -061.51885153
111  16.26018801 -061.51890186
111  16.26022784 -061.51911876
111  16.26024381 -061.51920573
111  16.26028050 -061.51940551
111  16.26029231 -061.51946980
111  16.26013298 -061.51949783
111  16.26014064 -061.51953928
111  16.26017003 -061.51969837
111  16.26018551 -061.51978220
111  16.26021279 -061.51992989
111  16.26023144 -061.52003090
111  16.26026188 -061.52019572
111  16.26027629 -061.52027371
111  16.26012805 -061.52030621
111  16.25998103 -061.51952326
111  16.25968787 -061.51957437
111  16.25955811 -061.51885943
111  16.26006667 -061.51876213
113  16.26008679 -061.51886693
110 1 0.00 0.0000 Polygon from DSF lib/airport/Common_Elements/Hangars/White_Hangar.fac 
111  16.25987682 -061.51780246
111  16.25988747 -061.51786003
111  16.25998904 -061.51840904
111  16.25999926 -061.51846431
111  16.25990184 -061.51848784
111  16.25990645 -061.51851052
111  16.25992408 -061.51859719
111  16.25992904 -061.51862163
111  16.25963673 -061.51867797
111  16.25961256 -061.51855257
111  16.25945502 -061.51858159
113  16.25931853 -061.51790384
110 1 0.00 0.0000 Polygon from DSF lib/airport/Common_Elements/Fence_Facades/Fenced_Parking.fac 
111  16.26069491 -061.52353629
111  16.26047207 -061.52370210
111  16.26008523 -061.52324497
112  16.26020943 -061.52315020  16.26025458 -061.52311297
111  16.26030066 -061.52303160
111  16.26036177 -061.52301979
111  16.26043801 -061.52317598
111  16.26055267 -061.52321601
111  16.26057598 -061.52327179
113  16.26064435 -061.52327785
110 2 0.00 0.0000 Polygon from DSF lib/airport/Common_Elements/Misc_Buildings/White_Warehouse.fac 
111  16.27078178 -061.51738100
112  16.27078178 -061.51738100  16.27090910 -061.51767730
112  16.27096094 -061.51829350  16.27097177 -061.51865754
111  16.27096094 -061.51829350
111  16.27074358 -061.51833688
111  16.27066896 -061.51795873
111  16.27018838 -061.51805517
111  16.27015989 -061.51790152
111  16.27064087 -061.51780659
113  16.27056733 -061.51741976
110 2 0.00 0.0000 Polygon from DSF lib/airport/Common_Elements/Misc_Buildings/Blue_Warehouse.fac 
111  16.27074324 -061.51966503
111  16.27075749 -061.51974329
111  16.27087093 -061.52036644
111  16.27088745 -061.52045715
111  16.27049284 -061.52053737
111  16.27050501 -061.52059692
111  16.27023106 -061.52065153
113  16.27005825 -061.51979438
110 1 0.00 0.0000 Polygon from DSF lib/airport/Common_Elements/Hangars/White_Hangar.fac 
111  16.27006597 -061.51715217
111  16.26998298 -061.51716733
111  16.26931602 -061.51728955
111  16.26921095 -061.51730832
111  16.26909772 -061.51671485
113  16.26995540 -061.51655686
110 2 0.00 0.0000 Polygon from DSF lib/airport/Common_Elements/Misc_Buildings/White_Warehouse.fac 
111  16.27295519 -061.51526340
111  16.27382586 -061.51526783
111  16.27382589 -061.51531650
111  16.27382613 -061.51579866
111  16.27382586 -061.51583415
111  16.27406371 -061.51583857
111  16.27406795 -061.51607749
111  16.27383436 -061.51607749
111  16.27383466 -061.51611737
111  16.27383831 -061.51660403
111  16.27383860 -061.51664381
113  16.27298916 -061.51664824
110 2 0.00 0.0000 Polygon from DSF lib/airport/Common_Elements/Misc_Buildings/White_Warehouse.fac 
111  16.27374016 -061.52010124
111  16.27374121 -061.52018094
111  16.27375434 -061.52118435
111  16.27375545 -061.52127817
111  16.27333116 -061.52128359
113  16.27331828 -061.52009962
110 2 0.00 0.0000 MarkngDot
112  16.26130743 -061.51592502  16.26131045 -061.51593920
112  16.26129180 -061.51594801  16.26128423 -061.51594959
112  16.26126962 -061.51593386  16.26126659 -061.51591968
114  16.26128471 -061.51590941  16.26129379 -061.51590784
110 14 0.00 0.0000 X-Out
111  16.26124166 -061.51314948
111  16.26123450 -061.51311880
111  16.26127916 -061.51307837
111  16.26122017 -061.51305743
111  16.26121300 -061.51302674
111  16.26128425 -061.51305479
111  16.26132831 -061.51300141
111  16.26133528 -061.51303217
111  16.26130231 -061.51307620
111  16.26134922 -061.51309368
111  16.26135619 -061.51312444
113  16.26129383 -061.51310067
110 2 0.00 0.0000 CncrtPadSo
111  16.26179018 -061.52224201
111  16.26101924 -061.52240623
111  16.26065987 -061.52054669
113  16.26143649 -061.52041072
110 1 0.00 0.0000 BenBldPavmntOrig.
111  16.26765020 -061.54624537
112  16.26765020 -061.54624537  16.26709967 -061.54616449
112  16.26759299 -061.54514169  16.26811350 -061.54476556
111  16.26759299 -061.54514169
111  16.26499816 -061.53171110
112  16.26487784 -061.53153708  16.26482815 -061.53149002
111  16.26487784 -061.53153708 102
111  16.26459935 -061.53126964
112  16.26459935 -061.53126964  16.26455870 -061.53124141 102
112  16.26428237 -061.53119336  16.26421009 -061.53120983
111  16.26428237 -061.53119336
111  16.26410092 -061.53123767
112  16.26410092 -061.53123767  16.26403542 -061.53125649
112  16.26377228 -061.53156486  16.26362640 -061.53159544
111  16.26377228 -061.53156486
111  16.26309742 -061.53171952
111  16.26310519 -061.53175189
111  16.26252722 -061.53188956
112  16.26252722 -061.53188956  16.26248205 -061.53190838
112  16.26240347 -061.53187334  16.26236281 -061.53188746
111  16.26240347 -061.53187334
111  16.26225959 -061.53192211
111  16.26222779 -061.53182839
111  16.26236845 -061.53177692
112  16.26236845 -061.53177692  16.26231876 -061.53174163
112  16.26230124 -061.53159155  16.26229672 -061.53154920
111  16.26230124 -061.53159155
111  16.26220576 -061.53162523
111  16.26216240 -061.53149662
111  16.26231352 -061.53144881
111  16.26224889 -061.53109683
111  16.26350254 -061.53085028
112  16.26350254 -061.53085028  16.26356127 -061.53084087
112  16.26365097 -061.53085941  16.26369614 -061.53087352
111  16.26365097 -061.53085941
112  16.26399504 -061.53096977  16.26405828 -061.53095330
111  16.26399504 -061.53096977
111  16.26421965 -061.53090887
112  16.26421965 -061.53090887  16.26424901 -061.53089240 102
112  16.26421680 -061.53077981  16.26418518 -061.53075392
111  16.26421680 -061.53077981 102
111  16.26382078 -061.53049808
112  16.26382078 -061.53049808  16.26377109 -061.53046985 102
112  16.26355466 -061.53047673  16.26347335 -061.53049084
111  16.26355466 -061.53047673
111  16.26249002 -061.53064826
111  16.26246834 -061.53052782
111  16.26265571 -061.53049428
112  16.26265571 -061.53049428  16.26270450 -061.53048299
112  16.26271206 -061.53042393  16.26270664 -061.53039005
111  16.26271206 -061.53042393
111  16.26270232 -061.53037104
111  16.26267518 -061.53026843
111  16.26241892 -061.53031206 20
111  16.26228603 -061.52960891
112  16.26228603 -061.52960891  16.26227797 -061.52956251 20
112  16.26224683 -061.52949522  16.26223207 -061.52947269
111  16.26224683 -061.52949522 20
111  16.26212021 -061.52933226
111  16.26181235 -061.52938872
111  16.26183585 -061.52968455
111  16.26172312 -061.52967118
111  16.26169763 -061.52941778
111  16.26128617 -061.52727006
111  16.26100842 -061.52708982
111  16.26068591 -061.52547486
112  16.26068591 -061.52547486  16.26035683 -061.52553903
112  16.26006051 -061.52496587  16.26000493 -061.52467928
111  16.26006051 -061.52496587
111  16.25978898 -061.52349830
112  16.25978898 -061.52349830  16.25976740 -061.52338029
112  16.25962701 -061.52338950  16.25954070 -061.52340074
111  16.25962701 -061.52338950
112  16.25929548 -061.52336445  16.25918963 -061.52332991
111  16.25929548 -061.52336445
112  16.25874266 -061.52308632  16.25859428 -061.52292474
111  16.25874266 -061.52308632
111  16.25802592 -061.52217828
112  16.25802592 -061.52217828  16.25796035 -061.52210510
111  16.25780004 -061.52207276
111  16.25743854 -061.52165145
112  16.25743854 -061.52165145  16.25749475 -061.52160267
112  16.25748449 -061.52147935  16.25744702 -061.52141592
111  16.25748449 -061.52147935
111  16.25729509 -061.52117456
111  16.25744269 -061.52093180
111  16.25774022 -061.52117161
112  16.25774022 -061.52117161  16.25782789 -061.52124186
112  16.25801902 -061.52128152  16.25812310 -061.52129168
111  16.25820694 -061.52127914
112  16.25820694 -061.52127914  16.25832160 -061.52126509
112  16.25858388 -061.52090397  16.25867830 -061.52086181
111  16.25858388 -061.52090397
111  16.25917498 -061.52069068
112  16.25927234 -061.52037053  16.25938700 -061.52028623
111  16.25927234 -061.52037053
111  16.25952524 -061.52021944
111  16.25853690 -061.51496224
112  16.25853690 -061.51496224  16.25850095 -061.51474098
112  16.25867038 -061.51426076  16.25878639 -061.51407354
111  16.25867038 -061.51426076
111  16.25907026 -061.51367558
111  16.25919543 -061.51377516
111  16.25923096 -061.51372444
111  16.25956265 -061.51399993
111  16.25951687 -061.51406168
111  16.25964630 -061.51414786
112  16.25964630 -061.51414786  16.25968225 -061.51417339
111  16.25971885 -061.51415878
111  16.25994958 -061.51411523
111  16.26021253 -061.51406559
111  16.26005067 -061.51321403
111  16.26016352 -061.51318923
111  16.26138225 -061.51292874
111  16.26106841 -061.51127807
111  16.26186818 -061.51113027
112  16.26186818 -061.51113027  16.26199286 -061.51111333
112  16.26215147 -061.51135027  16.26217586 -061.51141520
111  16.26215147 -061.51135027
111  16.26220711 -061.51153466
112  16.26220711 -061.51153466  16.26222066 -061.51158830
112  16.26215580 -061.51180228  16.26210973 -061.51187286
111  16.26215580 -061.51180228
111  16.26187089 -061.51222693
111  16.26211144 -061.51350285
112  16.26211144 -061.51350285  16.26217848 -061.51382279 102
112  16.26274295 -061.51377191  16.26285535 -061.51375239
111  16.26274295 -061.51377191 102
111  16.26329235 -061.51370150
112  16.26329235 -061.51370150  16.26393545 -061.51361797 102
112  16.26441394 -061.51442708  16.26449356 -061.51484177
111  16.26441394 -061.51442708 102
111  16.26515893 -061.51835587
112  16.26515893 -061.51835587  16.26521513 -061.51859005 102
112  16.26573942 -061.51871853  16.26606165 -061.51867194
111  16.26573942 -061.51871853 102
111  16.26708477 -061.51844853
112  16.26708477 -061.51844853  16.26723408 -061.51841651 102
112  16.26729885 -061.51817466  16.26727476 -061.51804055
111  16.26729885 -061.51817466
111  16.26719925 -061.51765354
112  16.26719925 -061.51765354  16.26714866 -061.51737837
112  16.26742320 -061.51725309  16.26758057 -061.51722382
111  16.26742320 -061.51725309
112  16.26792513 -061.51716544  16.26804877 -061.51715959
111  16.26792513 -061.51716544
112  16.26766518 -061.51690185  16.26764270 -061.51672036
111  16.26766518 -061.51690185
111  16.26754633 -061.51631642
112  16.26754633 -061.51631642  16.26751261 -061.51617005
112  16.26732029 -061.51580820  16.26726409 -061.51572623
111  16.26732029 -061.51580820
111  16.26686203 -061.51523672
111  16.26708162 -061.51528245
111  16.26719774 -061.51547420
111  16.26730726 -061.51554049
112  16.26730726 -061.51554049  16.26740842 -061.51558147
111  16.26754621 -061.51583992
112  16.26754621 -061.51583992  16.26760241 -061.51591602
112  16.26767857 -061.51628956  16.26770105 -061.51644178
111  16.26767857 -061.51628956
111  16.26778720 -061.51680513
112  16.26778720 -061.51680513  16.26782655 -061.51690466
112  16.26804634 -061.51699115  16.26823743 -061.51694432
111  16.26804634 -061.51699115
111  16.26860987 -061.51690943
112  16.26860987 -061.51690943  16.26874058 -061.51689173
112  16.26887282 -061.51713662  16.26889504 -061.51724691
111  16.26887282 -061.51713662
111  16.26893604 -061.51746836
112  16.26893604 -061.51746836  16.26894864 -061.51752499
111  16.26908130 -061.51749298
111  16.26894860 -061.51679439
112  16.26894860 -061.51679439  16.26892834 -061.51668900
112  16.26905787 -061.51662333  16.26914780 -061.51660672
111  16.26905787 -061.51662333
111  16.27028404 -061.51640902
111  16.27045488 -061.51730191
111  16.27020667 -061.51735260
111  16.27022221 -061.51742042
111  16.27086698 -061.51728938
112  16.27086698 -061.51728938  16.27095168 -061.51726749
112  16.27107531 -061.51740518  16.27109225 -061.51748165
111  16.27107531 -061.51740518
111  16.27111193 -061.51760152
111  16.27187803 -061.51747158
111  16.27196130 -061.51800515
111  16.27152464 -061.51807869
111  16.27156543 -061.51828031
111  16.27137749 -061.51832227
111  16.27133132 -061.51812533
111  16.27123700 -061.51815673
111  16.27127072 -061.51828356
112  16.27127072 -061.51828356  16.27129319 -061.51833040
112  16.27161164 -061.51869334  16.27167532 -061.51880652
111  16.27181254 -061.51917841
111  16.27257945 -061.51903613
112  16.27257945 -061.51903613  16.27262066 -061.51902442
112  16.27271489 -061.51889465  16.27269991 -061.51880489
111  16.27271489 -061.51889465
111  16.27276656 -061.51921821
112  16.27276656 -061.51921821  16.27272535 -061.51915967
112  16.27261691 -061.51917467  16.27257196 -061.51919029
111  16.27261691 -061.51917467
111  16.27266375 -061.51955452
111  16.27219857 -061.51963974
111  16.27212052 -061.51925078
111  16.27184875 -061.51929663
111  16.27197379 -061.52003652
111  16.27143413 -061.52012649
111  16.27141727 -061.52006188
111  16.27128195 -061.52008286
111  16.27166332 -061.52227215
112  16.27166332 -061.52227215  16.27168954 -061.52240484
111  16.27201059 -061.52252461
112  16.27149612 -061.52316189  16.27123062 -061.52353117
111  16.27116845 -061.52406493
112  16.27093143 -061.52398480  16.27080155 -061.52399656
111  16.27093143 -061.52398480
111  16.27096672 -061.52416480
111  16.27121537 -061.52413353
111  16.27123874 -061.52428258
111  16.27099640 -061.52432325
111  16.27116434 -061.52520535
111  16.27139123 -061.52515456
111  16.27143596 -061.52524353
111  16.27118397 -061.52530531
111  16.27123131 -061.52555495
111  16.27096913 -061.52561036
111  16.27100961 -061.52580494
111  16.27100268 -061.52566869
112  16.27125758 -061.52569063  16.27130247 -061.52566212
111  16.27125758 -061.52569063
111  16.27174313 -061.52523553
111  16.27170448 -061.52518584
111  16.27153252 -061.52535623
111  16.27147862 -061.52527740
111  16.27152632 -061.52523050
112  16.27152632 -061.52523050  16.27148160 -061.52517968
112  16.27136987 -061.52475499  16.27136173 -061.52469570
111  16.27136987 -061.52475499
111  16.27129666 -061.52474815
111  16.27128777 -061.52464726
111  16.27136250 -061.52464322
112  16.27136250 -061.52464322  16.27134375 -061.52456404
112  16.27134866 -061.52424251  16.27137147 -061.52416627
111  16.27134866 -061.52424251
111  16.27128277 -061.52424007
111  16.27128328 -061.52414483
111  16.27158381 -061.52416367
112  16.27158381 -061.52416367  16.27159076 -061.52396897
112  16.27183951 -061.52364559  16.27204780 -061.52353082
111  16.27183951 -061.52364559
111  16.27434761 -061.52328380
111  16.27453672 -061.52345686
111  16.27461881 -061.52372812
111  16.27454153 -061.52374084
111  16.27461619 -061.52388350
112  16.27466242 -061.52397127  16.27472097 -061.52396619
112  16.27475454 -061.52414616  16.27476918 -061.52424272
111  16.27475454 -061.52414616
111  16.27482313 -061.52486989
112  16.27482313 -061.52486989  16.27482801 -061.52495629
112  16.27468715 -061.52512866  16.27458469 -061.52517948
111  16.27468715 -061.52512866
111  16.27468871 -061.52530809
112  16.27487007 -061.52531145  16.27489360 -061.52526733
111  16.27487007 -061.52531145
111  16.27476457 -061.52553207
112  16.27476457 -061.52553207  16.27479045 -061.52549285
111  16.27469747 -061.52545049
112  16.27469747 -061.52545049  16.27448184 -061.52565631
112  16.27386521 -061.52605726  16.27359525 -061.52612490
111  16.27386521 -061.52605726
111  16.27385260 -061.52617979
111  16.27371587 -061.52622450
111  16.27378026 -061.52604945
112  16.27354258 -061.52609135  16.27344771 -061.52609135
111  16.27354258 -061.52609135
111  16.27350412 -061.52591750
112  16.27350412 -061.52591750  16.27365998 -061.52594927
111  16.27385823 -061.52586921
112  16.27360141 -061.52575129  16.27357092 -061.52562423
111  16.27360141 -061.52575129
111  16.27349730 -061.52530501
111  16.27335696 -061.52533628
111  16.27350412 -061.52591750
111  16.27354258 -061.52609135
111  16.27320564 -061.52613613
112  16.27320564 -061.52613613  16.27279229 -061.52613613
112  16.27179931 -061.52533649  16.27131820 -061.52464824
111  16.27179931 -061.52533649
111  16.27145866 -061.52565960
111  16.27209242 -061.52629378
111  16.27124572 -061.52645833
111  16.27127329 -061.52669316
111  16.27227290 -061.52650818
112  16.27252575 -061.52789125  16.27250508 -061.52802809
112  16.27223290 -061.52881496  16.27215217 -061.52891670
112  16.27158541 -061.52929819  16.27151222 -061.52933337
111  16.27117375 -061.52937334 20
111  16.27156285 -061.53171564
112  16.27156285 -061.53171564  16.27157911 -061.53179357 20
112  16.27182705 -061.53188435  16.27189535 -061.53187080
111  16.27182705 -061.53188435
111  16.27218543 -061.53181713
111  16.27232345 -061.53247300
111  16.27143943 -061.53266211 20
111  16.26655398 -061.53371303 20
111  16.26598521 -061.53383590
111  16.26597335 -061.53396578
111  16.26822117 -061.54608654
111  16.26832002 -061.54611486
111  16.26893212 -061.54932883
112  16.26893212 -061.54932883  16.26894049 -061.54937045
112  16.26904606 -061.54949636  16.26909191 -061.54952961
111  16.26904606 -061.54949636
112  16.26904606 -061.54949636  16.26973301 -061.54983220
112  16.26929263 -061.55066949  16.26891385 -061.55093481
111  16.26929263 -061.55066949
111  16.26932260 -061.55089584
113  16.26855880 -061.55101978
111  16.26584649 -061.53360251
111  16.26595230 -061.53368119 20
111  16.26652357 -061.53356149 20
111  16.27085413 -061.53265407
112  16.27085413 -061.53265407  16.27092243 -061.53263374 20
112  16.27103390 -061.53249919  16.27107293 -061.53244837
111  16.27103390 -061.53249919 20
111  16.27140306 -061.53198646
112  16.27140306 -061.53198646  16.27142582 -061.53193225 20
112  16.27142543 -061.53174175  16.27141242 -061.53167060
111  16.27142543 -061.53174175 20
111  16.27103390 -061.52938787
112  16.27046691 -061.52938492  16.27039928 -061.52937318
112  16.26925804 -061.52880749  16.26917891 -061.52868478
111  16.26909627 -061.52824500
112  16.26909627 -061.52824500  16.26907379 -061.52814548 102
112  16.26890804 -061.52810931  16.26881031 -061.52813859
111  16.26890804 -061.52810931 102
111  16.26554418 -061.52883872
112  16.26554418 -061.52883872  16.26516650 -061.52892303 102
112  16.26511461 -061.52927770  16.26511602 -061.52928455
111  16.26511461 -061.52927770
113  16.26505865 -061.52941067
111  16.26824493 -061.52772120
112  16.26824493 -061.52772120  16.26856321 -061.52764270 102
112  16.26862846 -061.52676428  16.26852066 -061.52611708
111  16.26862846 -061.52676428 102
111  16.26729933 -061.51976718
112  16.26729933 -061.51976718  16.26718878 -061.51925882 102
112  16.26642149 -061.51912363  16.26587122 -061.51921804
111  16.26642149 -061.51912363 102
111  16.26375096 -061.51963730
112  16.26375096 -061.51963730  16.26352615 -061.51969584 102
112  16.26336588 -061.52010929  16.26338094 -061.52017791
111  16.26336588 -061.52010929
111  16.26331314 -061.52025445
111  16.26477458 -061.52799700
111  16.26488475 -061.52807110
112  16.26488475 -061.52807110  16.26488609 -061.52807772 102
112  16.26541738 -061.52829716  16.26572088 -061.52823394
113  16.26541738 -061.52829716 102
111  16.26386869 -061.51452807
112  16.26386869 -061.51452807  16.26381132 -061.51423656 102
112  16.26336058 -061.51418716  16.26311704 -061.51422253
111  16.26336058 -061.51418716 102
111  16.26286138 -061.51426556
112  16.26286138 -061.51426556  16.26258037 -061.51431922 102
112  16.26238899 -061.51494622  16.26246195 -061.51533164
111  16.26238899 -061.51494622
111  16.26284884 -061.51737793
111  16.26278353 -061.51739866
111  16.26305163 -061.51882553
111  16.26313716 -061.51890993
112  16.26313716 -061.51890993  16.26314343 -061.51895078 102
112  16.26365319 -061.51911184  16.26387516 -061.51908120
111  16.26365319 -061.51911184 102
111  16.26432102 -061.51901229
112  16.26432102 -061.51901229  16.26439411 -061.51899905 102
112  16.26464712 -061.51853047  16.26458458 -061.51817458
111  16.26464712 -061.51853047 102
111  16.26429193 -061.51670421 102
113  16.26386869 -061.51452807
111  16.26146049 -061.51333888
112  16.26146049 -061.51333888  16.26141700 -061.51323317
112  16.26113140 -061.51323920  16.26100848 -061.51327335
111  16.26113140 -061.51323920
111  16.26058532 -061.51335472
112  16.26058532 -061.51335472  16.26043399 -061.51338766
112  16.26034581 -061.51368354  16.26037969 -061.51385294
111  16.26034581 -061.51368354 102
111  16.26079111 -061.51598037
111  16.26111304 -061.51592988
111  16.26108440 -061.51577321
111  16.26141435 -061.51571996
111  16.26147804 -061.51608485
111  16.26115056 -061.51614004
111  16.26112213 -061.51599077
111  16.26080285 -061.51604378 102
111  16.26106910 -061.51740861
112  16.26106910 -061.51740861  16.26109642 -061.51753464
112  16.26119408 -061.51777035  16.26122141 -061.51790044
111  16.26119408 -061.51777035
111  16.26154093 -061.51936840
112  16.26154093 -061.51936840  16.26156045 -061.51944564
112  16.26164552 -061.51955702  16.26167674 -061.51964240
111  16.26164552 -061.51955702
112  16.26190152 -061.52031150  16.26190465 -061.52032126 102
112  16.26238584 -061.52066684  16.26267314 -061.52060190
111  16.26238584 -061.52066684 102
111  16.26250407 -061.52063996
112  16.26250407 -061.52063996  16.26275071 -061.52057785 102
112  16.26276827 -061.52018442  16.26275743 -061.52013360
111  16.26276827 -061.52018442
111  16.26278192 -061.52007410
111  16.26229256 -061.51749975
113  16.26225300 -061.51750106
111  16.26268579 -061.52333917
112  16.26268579 -061.52333917  16.26273974 -061.52362015 102
112  16.26330026 -061.52299362  16.26325530 -061.52273138
111  16.26330026 -061.52299362 102
111  16.26299612 -061.52137929
112  16.26299612 -061.52137929  16.26290399 -061.52092505 102
112  16.26230461 -061.52158047  16.26237530 -061.52202535
111  16.26230461 -061.52158047 102
113  16.26250704 -061.52267132 102
111  16.26475599 -061.53063359 102
111  16.26478178 -061.53061289
111  16.26386814 -061.52566661
111  16.26349051 -061.52422894
112  16.26349051 -061.52422894  16.26344105 -061.52404162 102
112  16.26311737 -061.52387771  16.26293305 -061.52384025 102
112  16.26266445 -061.52413588  16.26269592 -061.52428574
111  16.26266445 -061.52413588
111  16.26288809 -061.52531070
111  16.26262811 -061.52566741 102
111  16.26332732 -061.52934078
112  16.26332732 -061.52934078  16.26333861 -061.52939019 102
112  16.26340417 -061.52950831  16.26343805 -061.52955301
111  16.26340417 -061.52950831 102
113  16.26387570 -061.53016356 102
111  16.26285348 -061.52781634
112  16.26285348 -061.52781634  16.26284239 -061.52775546 102
112  16.26275787 -061.52772759  16.26272021 -061.52773647
111  16.26275787 -061.52772759 102
111  16.26257094 -061.52785719
112  16.26257094 -061.52785719  16.26254978 -061.52787643 102
112  16.26254479 -061.52796722  16.26255608 -061.52802368
111  16.26254479 -061.52796722
111  16.26297184 -061.53021884
111  16.26284234 -061.53024170
111  16.26267518 -061.53026843
111  16.26270232 -061.53037104
111  16.26286152 -061.53034142
111  16.26287324 -061.53040238
112  16.26287324 -061.53040238  16.26287952 -061.53042689
112  16.26293045 -061.53045346  16.26295868 -061.53044693
111  16.26293045 -061.53045346
111  16.26329672 -061.53040217
112  16.26329672 -061.53040217  16.26339836 -061.53038806
112  16.26346132 -061.52992558  16.26339356 -061.52980794
111  16.26346132 -061.52992558 102
111  16.26323888 -061.52959110
112  16.26323888 -061.52959110  16.26320952 -061.52954875 102
112  16.26314805 -061.52936259  16.26313450 -061.52930848
113  16.26314805 -061.52936259 102
112  16.26256559 -061.52749094  16.26244616 -061.52755798 106
111  16.26249580 -061.52768882 106
113  16.26275322 -061.52753717 106
111  16.26250410 -061.52596399 106
111  16.26224025 -061.52601427
111  16.26173493 -061.52611087
112  16.26173493 -061.52611087  16.26166426 -061.52612713
112  16.26173516 -061.52620218  16.26184550 -061.52618331
111  16.26173516 -061.52620218
111  16.26219246 -061.52611163
111  16.26238791 -061.52714554
112  16.26238791 -061.52714554  16.26243085 -061.52737728 102
112  16.26270951 -061.52705086  16.26267438 -061.52686384
113  16.26270951 -061.52705086 102
111  16.26072337 -061.51699553
112  16.26072337 -061.51699553  16.26070159 -061.51686646
112  16.26051888 -061.51683931  16.26043446 -061.51685065
111  16.26051888 -061.51683931
111  16.26047612 -061.51684540
111  16.25978182 -061.51696167
111  16.25982323 -061.51717827
111  16.26002740 -061.51714111
111  16.26013675 -061.51772438
111  16.26062714 -061.51763269
113  16.26083807 -061.51759326
111  16.25936723 -061.51573246
111  16.25936455 -061.51552395
112  16.25936455 -061.51552395  16.25936611 -061.51543491
112  16.25945791 -061.51537357  16.25952615 -061.51536008
111  16.25945791 -061.51537357
111  16.25980639 -061.51530315
112  16.25980639 -061.51530315  16.25984403 -061.51529580
112  16.25985960 -061.51521940  16.25984784 -061.51516548
111  16.25985960 -061.51521940
111  16.25970284 -061.51439682
111  16.25963432 -061.51440563
112  16.25963432 -061.51440563  16.25956480 -061.51431709
112  16.25927027 -061.51432722  16.25916654 -061.51435921
111  16.25927027 -061.51432722
111  16.25913170 -061.51421388
111  16.25910551 -061.51425437
111  16.25893818 -061.51412818
112  16.25893818 -061.51412818  16.25889077 -061.51416816
112  16.25881960 -061.51431462  16.25877897 -061.51439927
111  16.25881960 -061.51431462
111  16.25900021 -061.51431627
111  16.25900416 -061.51452447
111  16.25945795 -061.51450921
111  16.25947591 -061.51478154
111  16.25908507 -061.51479593
111  16.25908524 -061.51493456
112  16.25908524 -061.51493456  16.25904235 -061.51497923
112  16.25882025 -061.51506943  16.25873176 -061.51506632
111  16.25882025 -061.51506943
111  16.25864020 -061.51507280
111  16.25864858 -061.51515142
111  16.25900443 -061.51514997
111  16.25921442 -061.51514682
111  16.25921511 -061.51509544
111  16.25934420 -061.51509707
111  16.25934437 -061.51523104
111  16.25921524 -061.51523088
111  16.25921338 -061.51518323
111  16.25912366 -061.51518411
111  16.25912304 -061.51535714
111  16.25926916 -061.51535972
113  16.25926924 -061.51573358
111  16.25945341 -061.51727013
111  16.25943737 -061.51720479
111  16.25921985 -061.51724204
113  16.25923313 -061.51730760
112  16.26055070 -061.52515068  16.26054165 -061.52500096
111  16.26055070 -061.52515068
111  16.26049671 -061.52514952
111  16.26049679 -061.52496299
111  16.26054465 -061.52496512
112  16.26054465 -061.52496512  16.26056230 -061.52496512
112  16.26053829 -061.52493070  16.26050692 -061.52491640
111  16.26053829 -061.52493070
111  16.26034074 -061.52481480
111  16.26015709 -061.52482959
111  16.26018188 -061.52497472
112  16.26018188 -061.52497472  16.26022894 -061.52522568
112  16.26064928 -061.52536852  16.26082621 -061.52534695
113  16.26064928 -061.52536852
111  16.25998458 -061.52393826
111  16.26021048 -061.52389360
111  16.26019112 -061.52378226
111  16.26072520 -061.52368169
111  16.26064435 -061.52327785
111  16.26057548 -061.52327166
111  16.26055186 -061.52321575
111  16.26043942 -061.52317547
111  16.26036187 -061.52302116
111  16.26030205 -061.52303162
112  16.26030205 -061.52303162  16.26021735 -061.52314455
112  16.25994652 -061.52330715  16.25980422 -061.52334597
111  16.25994652 -061.52330715
112  16.25994652 -061.52330715  16.25988892 -061.52333891
112  16.25988928 -061.52343457  16.25989775 -061.52348457
113  16.25988928 -061.52343457
111  16.26114641 -061.52419705
111  16.26099110 -061.52422894
111  16.26095660 -061.52406636
111  16.26091169 -061.52407616
111  16.26099662 -061.52451421
113  16.26119634 -061.52447253
112  16.26071802 -061.52376769  16.26062391 -061.52378893
111  16.26071802 -061.52376769
111  16.26033445 -061.52384117
111  16.26034521 -061.52390416
111  16.26072776 -061.52382812
112  16.26072776 -061.52382812  16.26078611 -061.52381440
112  16.26088022 -061.52392117  16.26089904 -061.52402901
111  16.26088022 -061.52392117
111  16.26089716 -061.52400413
111  16.26094101 -061.52399484
111  16.26092275 -061.52390531
114  16.26092275 -061.52390531  16.26089294 -061.52375989
111  16.26144852 -061.52586005
112  16.26144852 -061.52586005  16.26146213 -061.52592150
112  16.26128104 -061.52599544  16.26118270 -061.52601435
111  16.26128104 -061.52599544
111  16.26130235 -061.52613553
113  16.26149443 -061.52610351
111  16.26175428 -061.52899548
111  16.26182184 -061.52898292
111  16.26175793 -061.52865473
111  16.26172374 -061.52866329
111  16.26167097 -061.52839484
111  16.26163028 -061.52818628
111  16.26173659 -061.52816421
111  16.26167919 -061.52788209
113  16.26153279 -061.52791140
111  16.26145088 -061.52740598
111  16.26160334 -061.52737385
111  16.26149941 -061.52684727
111  16.26143099 -061.52685999
111  16.26136218 -061.52651256
113  16.26128148 -061.52652825
111  16.26913512 -061.51952027
111  16.26798255 -061.51974101
111  16.26830882 -061.52145190
113  16.26946014 -061.52122859
111  16.27087837 -061.52372057
112  16.27087837 -061.52372057  16.27084730 -061.52321884
112  16.27157159 -061.52244341  16.27178133 -061.52235439
111  16.27157159 -061.52244341
111  16.27147060 -061.52182839
111  16.27076702 -061.52276085
112  16.27076702 -061.52276085  16.27074080 -061.52279598
112  16.27072125 -061.52289895  16.27073249 -061.52294188
113  16.27072125 -061.52289895
112  16.27108528 -061.51809591  16.27108156 -061.51809666
111  16.27108528 -061.51809591
111  16.27100929 -061.51811303
112  16.27101282 -061.51818224  16.27101400 -061.51823095
111  16.27101282 -061.51818224
112  16.27109968 -061.51813079  16.27109363 -061.51810084
111  16.27109968 -061.51813079
111  16.27109528 -061.51810386
114  16.27109528 -061.51810386  16.27109403 -061.51809782
111  16.27098777 -061.51754312
112  16.27098777 -061.51754312  16.27098588 -061.51753524
112  16.27096811 -061.51752810  16.27096117 -061.51752942
111  16.27096811 -061.51752810
111  16.27089642 -061.51753783
112  16.27089642 -061.51753783  16.27091978 -061.51759405
111  16.27095315 -061.51774620
111  16.27100220 -061.51776117
113  16.27102886 -061.51775676
112  16.27097676 -061.51748261  16.27097566 -061.51747691
111  16.27097676 -061.51748261
111  16.27096351 -061.51744486
111  16.27085564 -061.51743015
112  16.27085564 -061.51743015  16.27086479 -061.51744240
111  16.27088674 -061.51750526
111  16.27096518 -061.51749555
114  16.27096518 -061.51749555  16.27097253 -061.51749475
111  16.26934471 -061.51954943
112  16.26934471 -061.51954943  16.26935251 -061.51958195
112  16.26940839 -061.51958845  16.26943962 -061.51958032
111  16.26940839 -061.51958845
111  16.27124739 -061.51927624
112  16.27124739 -061.51927624  16.27127862 -061.51927217
112  16.27130701 -061.51921347  16.27129920 -061.51918501
111  16.27130701 -061.51921347
111  16.27112451 -061.51825914
112  16.27112451 -061.51825914  16.27111801 -061.51822187
111  16.27104426 -061.51822979
111  16.27122913 -061.51919819
111  16.27077516 -061.51928089
111  16.27065250 -061.51859816
111  16.27001555 -061.51870267
111  16.27003533 -061.51882476
111  16.26996942 -061.51883769
111  16.26997990 -061.51891270
111  16.26961859 -061.51895905
111  16.26960432 -061.51888222
111  16.26955636 -061.51889263
112  16.26955636 -061.51889263  16.26954465 -061.51881538
112  16.26944586 -061.51874549  16.26940522 -061.51875199
111  16.26944586 -061.51874549
111  16.26928603 -061.51877824
112  16.26928603 -061.51877824  16.26924773 -061.51878310
112  16.26921433 -061.51886030  16.26922214 -061.51888876
113  16.26921433 -061.51886030
111  16.27022318 -061.52068124
111  16.27003418 -061.51969192
111  16.26995079 -061.51971259
111  16.27002357 -061.52010113
111  16.26976489 -061.52014784
111  16.26978198 -061.52022848
111  16.26984471 -061.52021351
111  16.26987669 -061.52037188
111  16.26981104 -061.52038703
111  16.26987161 -061.52070657
112  16.27001531 -061.52072021  16.27007855 -061.52070610
113  16.27001531 -061.52072021
111  16.27036372 -061.52270275
112  16.27036372 -061.52270275  16.27049484 -061.52268324
111  16.27076833 -061.52224614
111  16.27090694 -061.52234761
111  16.27143339 -061.52166072
111  16.27139517 -061.52143705
111  16.27085660 -061.52155977
111  16.27078297 -061.52120774
111  16.27034502 -061.52130041
111  16.27025706 -061.52085482
111  16.26991415 -061.52092705
113  16.27025664 -061.52272616
111  16.27115278 -061.52726937
112  16.27115278 -061.52726937  16.27112692 -061.52721579
111  16.27110906 -061.52715127
111  16.27104182 -061.52678372
111  16.27090300 -061.52681107 20
113  16.27100035 -061.52730071
112  16.27100547 -061.51808517  16.27100810 -061.51815357
111  16.27100547 -061.51808517
111  16.27108118 -061.51806738
112  16.27108118 -061.51806738  16.27108906 -061.51806510
112  16.27108600 -061.51805416  16.27108469 -061.51804869
111  16.27108600 -061.51805416
111  16.27104398 -061.51783893
111  16.27097850 -061.51785124
114  16.27097850 -061.51785124  16.27099091 -061.51789138
111  16.27015114 -061.51744070
111  16.27013488 -061.51737012
111  16.26918895 -061.51754517
112  16.26926484 -061.51760446  16.26931092 -061.51759317
113  16.26926484 -061.51760446
111  16.25837257 -061.52237050
112  16.25837257 -061.52237050  16.25832105 -061.52206803
112  16.25843567 -061.52152715  16.25851021 -061.52134136
111  16.25843567 -061.52152715
112  16.25814776 -061.52152651  16.25810092 -061.52149723
111  16.25814776 -061.52152651
112  16.25814776 -061.52152651  16.25828176 -061.52172680
112  16.25807282 -061.52198022  16.25794780 -061.52201410
113  16.25807282 -061.52198022
112  16.25799606 -061.52154832  16.25793101 -061.52149412
112  16.25773847 -061.52158519  16.25768968 -061.52166650
112  16.25785465 -061.52186760  16.25792945 -061.52192181
114  16.25809949 -061.52178738  16.25812551 -061.52170945
111  16.25856719 -061.52107727
112  16.25856719 -061.52107727  16.25851190 -061.52119923
111  16.25830049 -061.52135846
112  16.25830049 -061.52135846  16.25841433 -061.52138896
111  16.25864525 -061.52132797
111  16.25893390 -061.52123572
111  16.25891743 -061.52119454
113  16.25864345 -061.52128948
111  16.25933802 -061.52114164
112  16.25933802 -061.52114164  16.25954293 -061.52109082
111  16.25963725 -061.52094175
113  16.25931526 -061.52104000
111  16.25922744 -061.52076558
111  16.25907783 -061.52081301
111  16.25914938 -061.52103322
113  16.25928924 -061.52099596
111  16.25975434 -061.52091803
112  16.25950474 -061.52115238  16.25941042 -061.52120320
111  16.25950474 -061.52115238
113  16.25983565 -061.52125937
112  16.25989658 -061.52318730  16.26010637 -061.52313648
111  16.25989658 -061.52318730
112  16.25989658 -061.52318730  16.26022428 -061.52308989
112  16.26010881 -061.52269264  16.26009661 -061.52257829
111  16.26010881 -061.52269264
111  16.25985917 -061.52140009
111  16.25943796 -061.52126118
111  16.25862807 -061.52146955
112  16.25862807 -061.52146955  16.25856301 -061.52149072
112  16.25848820 -061.52165335  16.25847194 -061.52174652
112  16.25847194 -061.52242498  16.25857358 -061.52268756
111  16.25847194 -061.52242498
111  16.25852886 -061.52254780
114  16.25852886 -061.52254780  16.25894357 -061.52345242
112  16.27164469 -061.52473639  16.27165881 -061.52468933
111  16.27164469 -061.52473639
111  16.27157964 -061.52473639
112  16.27157964 -061.52473639  16.27157399 -061.52479815
112  16.27167808 -061.52510926  16.27172608 -061.52517103
111  16.27167808 -061.52510926
111  16.27173007 -061.52505827
114  16.27173007 -061.52505827  16.27169337 -061.52502004
111  16.27163024 -061.52461686
112  16.27163024 -061.52461686  16.27160765 -061.52458744
112  16.27160053 -061.52428085  16.27162312 -061.52423379
111  16.27160053 -061.52428085
111  16.27153334 -061.52427497
112  16.27153334 -061.52427497  16.27152645 -061.52430732
112  16.27156394 -061.52462239  16.27159500 -061.52466650
113  16.27156394 -061.52462239
111  16.27012337 -061.52273130
111  16.26990665 -061.52277080
111  16.26997167 -061.52310662
113  16.27018838 -061.52306146
111  16.26884498 -061.52732257
111  16.27045572 -061.52699207
111  16.27038539 -061.52660203
111  16.27050897 -061.52656525
111  16.27046307 -061.52634088
111  16.27034302 -061.52635559
111  16.27012581 -061.52524301
111  16.27025576 -061.52520980
111  16.27021653 -061.52503100
111  16.27009638 -061.52505144
111  16.27006696 -061.52490074
111  16.27018710 -061.52487264
111  16.27014542 -061.52466064
111  16.27002037 -061.52467596
111  16.26971779 -061.52308544
111  16.26984194 -061.52305957
111  16.26982657 -061.52297211
111  16.26970241 -061.52299921
111  16.26964211 -061.52268757
111  16.26974853 -061.52266540
111  16.26947540 -061.52122759
111  16.26803596 -061.52151188
111  16.26771583 -061.51978714
111  16.26913608 -061.51951703
111  16.26908523 -061.51927428
111  16.26900473 -061.51927869
111  16.26869627 -061.51769372
111  16.26811015 -061.51779671
111  16.26841733 -061.51943713
113  16.26737574 -061.51963207
110 4 0.00 0.0000 AthleticTrack
111  16.25837263 -061.51986256
112  16.25837263 -061.51986256  16.25798240 -061.52040052
112  16.25752455 -061.51929132  16.25779671 -061.51897385
111  16.25752455 -061.51929132
111  16.25817692 -061.51841005
112  16.25817692 -061.51841005  16.25851873 -061.51798322
112  16.25897811 -061.51906623  16.25868454 -061.51946121
113  16.25897811 -061.51906623
112  16.25830332 -061.51981690  16.25863460 -061.51940812
111  16.25830332 -061.51981690
111  16.25891389 -061.51900995
112  16.25891389 -061.51900995  16.25915598 -061.51864983
112  16.25823706 -061.51845783  16.25801790 -061.51876044
111  16.25823706 -061.51845783
111  16.25758979 -061.51933804
114  16.25758979 -061.51933804  16.25743179 -061.51957694
110 2 0.00 0.0000 New Taxiway 4
111  16.27077486 -061.52701118
111  16.26882461 -061.52740133
111  16.26722351 -061.51941243
111  16.26806695 -061.51768817
113  16.26880496 -061.51757835
111  16.26914772 -061.51951845
111  16.26797896 -061.51973937
111  16.26830576 -061.52145575
113  16.26946590 -061.52122819
130 Airport Boundary
111  16.27103892 -061.55278114
111  16.26758091 -061.55332786
111  16.26403026 -061.53457852
111  16.26103537 -061.53210221
111  16.25924461 -061.52415866
111  16.25692898 -061.52142507
111  16.25794892 -061.51491859
111  16.25946692 -061.51139786
111  16.25889881 -061.50807258
111  16.26259148 -061.50768025
111  16.26301756 -061.51094764
111  16.27431169 -061.51483250
111  16.27560845 -061.52431954
111  16.27323523 -061.53216126
111  16.27394736 -061.53641795
113  16.26819270 -061.53760559
120 Linear Feature 3
112  16.27144065 -061.52751941  16.27140788 -061.52744992 20
112  16.27118049 -061.52731564  16.27113999 -061.52726466
111  16.27118049 -061.52731564
112  16.27118049 -061.52731564  16.27117054 -061.52730312 20
112  16.27115278 -061.52726937  16.27114436 -061.52725191
111  16.27115278 -061.52726937
112  16.27115278 -061.52726937  16.27112692 -061.52721579 20
115  16.27110967 -061.52715127
120 All Holds
111  16.26410092 -061.53123767 54
111  16.26402833 -061.53096006
111  16.26382078 -061.53049808 54
111  16.26396615 -061.53021173
111  16.26257094 -061.52785719 5
111  16.26249580 -061.52768882
111  16.26256559 -061.52749094 5
111  16.26252018 -061.52726686
111  16.26276958 -061.52396066 54
111  16.26268832 -061.52343787 20
112  16.26247931 -061.52268318  16.26245590 -061.52258024
111  16.26247931 -061.52268318 20
111  16.26227340 -061.52159015
112  16.26227340 -061.52159015  16.26225260 -061.52147637 20
111  16.26227904 -061.52140252 54
111  16.26214585 -061.52066594
112  16.26214585 -061.52066594  16.26208743 -061.52068466 20
112  16.26185097 -061.52032942  16.26179704 -061.52015622
111  16.26185097 -061.52032942 20
111  16.26154093 -061.51936840
111  16.26317794 -061.51308574
111  16.26367326 -061.51371305 54
111  16.26353216 -061.51417801
111  16.26453720 -061.51890340 54
111  16.26463123 -061.51947193
111  16.26629928 -061.52811873 54
115  16.26640455 -061.52865374
120 Heli Circl Lns
111  16.25928170 -061.51523169 20
111  16.25928169 -061.51509789
111  16.25934339 -061.51516365 20
115  16.25921673 -061.51516365
120 SpeclMrkng
111  16.26142581 -061.51604043 22
111  16.26118618 -061.51608468 22
111  16.26113717 -061.51581691 22
113  16.26137959 -061.51577769 22
120 TL Edg
111  16.26262811 -061.52566741 1
115  16.26106910 -061.51740861
120 RdwyCL
111  16.26652357 -061.53356149 21
111  16.26653932 -061.53363659 21
111  16.26655398 -061.53371303
111  16.26653932 -061.53363659 22
111  16.27082988 -061.53272719
112  16.27082988 -061.53272719  16.27093153 -061.53270072 22
112  16.27106765 -061.53256173  16.27112356 -061.53248761
111  16.27106765 -061.53256173 22
111  16.27141480 -061.53208262
112  16.27141480 -061.53208262  16.27145546 -061.53201379 22
112  16.27149567 -061.53173404  16.27147026 -061.53158051
111  16.27149567 -061.53173404 22
115  16.27111998 -061.52947289
120 WAprnMrkng
111  16.27103450 -061.52938787 20
111  16.27092680 -061.52874096 20
111  16.27086408 -061.52835983
112  16.27086408 -061.52835983  16.27085046 -061.52830026 20
111  16.27080453 -061.52827766
111  16.27093204 -061.52834436 22
115  16.27111998 -061.52947289
120 WAprnMrkng
111  16.27117435 -061.52937334 20
111  16.27112644 -061.52908911 20
111  16.27106405 -061.52871893 20
111  16.27101884 -061.52844382 20
111  16.27100109 -061.52833580 21
111  16.27101884 -061.52844382
112  16.27101884 -061.52844382  16.27100795 -061.52837432 20
116  16.27112616 -061.52831029  16.27118062 -061.52830036
120 NW AprnMrkng
112  16.27145923 -061.52667731  16.27137182 -061.52668938 51
112  16.27167547 -061.52705758  16.27201824 -061.52698099
111  16.27167547 -061.52705758
112  16.27167547 -061.52705758  16.27151480 -061.52709432 51
112  16.27184576 -061.52759146  16.27214270 -061.52753624
111  16.27184576 -061.52759146
112  16.27184576 -061.52759146  16.27166014 -061.52762083 51
112  16.27170132 -061.52804787  16.27187216 -061.52814900
111  16.27170132 -061.52804787
112  16.27170132 -061.52804787  16.27148107 -061.52795669 51
112  16.27143092 -061.52846705  16.27153256 -061.52861411
111  16.27143092 -061.52846705
112  16.27143092 -061.52846705  16.27134904 -061.52834940 51
112  16.27106405 -061.52871893  16.27112080 -061.52905071
111  16.27106405 -061.52871893
111  16.27092680 -061.52874096
112  16.27092680 -061.52874096  16.27088165 -061.52843408 51
112  16.27049310 -061.52843267  16.27024295 -061.52853423
111  16.27049310 -061.52843267
112  16.27049310 -061.52843267  16.27067230 -061.52823945 51
112  16.27030693 -061.52799874  16.27013037 -061.52805258
111  16.27030693 -061.52799874
112  16.27030693 -061.52799874  16.27048695 -061.52782602 51
112  16.27017189 -061.52752241  16.26995760 -061.52750347
111  16.27017189 -061.52752241 51
111  16.27037561 -061.52736285 51
111  16.27051174 -061.52733283 51
111  16.27047102 -061.52713895 51
111  16.27035188 -061.52716436 51
111  16.27018700 -061.52705898
111  16.27048671 -061.52723857 51
112  16.26928807 -061.52749498  16.26917894 -061.52751956 51
112  16.26897750 -061.52723432  16.26895095 -061.52706226
111  16.26897750 -061.52723432
111  16.26928807 -061.52749498 51
111  16.26894327 -061.52757044
115  16.26847049 -061.52791924
120 NW AprnMrkng
111  16.27187759 -061.52660157 51
112  16.27211649 -061.52788999  16.27211432 -061.52792276 51
112  16.27188654 -061.52857158  16.27186698 -061.52859342 51
112  16.27139259 -061.52893504  16.27137303 -061.52894159 51
111  16.27110791 -061.52897811
111  16.27092680 -061.52874096 51
111  16.27055172 -061.52906049
112  16.27055172 -061.52906049  16.27049290 -061.52910705 51
112  16.27024553 -061.52905950  16.27010361 -061.52889565
111  16.27024553 -061.52905950 51
111  16.26985138 -061.52853520 51
111  16.26953449 -061.52811366 51
111  16.26946152 -061.52788215 51
111  16.26824369 -061.52146945
111  16.26789133 -061.52153823 51
111  16.26797631 -061.52198388 51
111  16.26800717 -061.52214572 51
111  16.26821994 -061.52326153 51
111  16.26825077 -061.52342323 51
111  16.26858404 -061.52517097 51
111  16.26861493 -061.52533292 51
111  16.26889603 -061.52680710 51
111  16.26892691 -061.52696903 51
111  16.26897750 -061.52723432
112  16.26897750 -061.52723432  16.26900389 -061.52734362 51
112  16.26894327 -061.52757044  16.26889240 -061.52767901
111  16.26894327 -061.52757044
112  16.26894327 -061.52757044  16.26887169 -061.52772321 51
112  16.26847049 -061.52791924  16.26822228 -061.52798170
111  16.26847049 -061.52791924 51
111  16.26544840 -061.52856663
112  16.26544840 -061.52856663  16.26487229 -061.52865282 51
112  16.26485212 -061.52941106  16.26488139 -061.52956861
111  16.26485212 -061.52941106 51
111  16.26502758 -061.53034890
111  16.26492478 -061.53022700
111  16.26448077 -061.52774350
111  16.26450758 -061.52745339 51
111  16.26461009 -061.52804420
112  16.26461009 -061.52804420  16.26464424 -061.52821192 51
112  16.26544840 -061.52856663  16.26598449 -061.52848836
111  16.26544840 -061.52856663
111  16.26474497 -061.52792399
112  16.26474497 -061.52792399  16.26476869 -061.52804752 3
112  16.26530037 -061.52837545  16.26567604 -061.52828905
111  16.26530037 -061.52837545 3
111  16.26835606 -061.52777627
112  16.26835606 -061.52777627  16.26864880 -061.52770427 3
112  16.26872557 -061.52673560  16.26860766 -061.52614266
111  16.26872557 -061.52673560
112  16.26872557 -061.52673560  16.26862569 -061.52623336 3
111  16.26737243 -061.51963002
112  16.26737243 -061.51963002  16.26728138 -061.51921901 3
112  16.26640191 -061.51902420  16.26573420 -061.51914012
111  16.26640191 -061.51902420 3
111  16.26373423 -061.51953924
112  16.26373423 -061.51953924  16.26349029 -061.51958832 3
112  16.26327794 -061.52020714  16.26332477 -061.52046071
111  16.26327794 -061.52020714
111  16.26303068 -061.51886544
112  16.26303068 -061.51886544  16.26307386 -061.51906964 3
112  16.26364928 -061.51918786  16.26382059 -061.51915917
111  16.26364928 -061.51918786 3
111  16.26432713 -061.51907988
112  16.26432713 -061.51907988  16.26451448 -061.51903719 3
112  16.26469721 -061.51845158  16.26460353 -061.51800637
111  16.26469721 -061.51845158 3
111  16.26394795 -061.51453330
112  16.26394795 -061.51453330  16.26393624 -061.51445401 3
112  16.26334291 -061.51410168  16.26282615 -061.51418631
111  16.26334291 -061.51410168 3
111  16.26282615 -061.51418631
112  16.26282615 -061.51418631  16.26236266 -061.51427525 3
111  16.26228781 -061.51480452
111  16.26204404 -061.51355683
112  16.26204404 -061.51355683  16.26209690 -061.51382365 3
112  16.26274614 -061.51385077  16.26311206 -061.51379571
111  16.26274614 -061.51385077 3
111  16.26328740 -061.51377717
112  16.26328740 -061.51377717  16.26377334 -061.51371008 3
112  16.26434187 -061.51445740  16.26444140 -061.51496968
111  16.26434187 -061.51445740 3 102
111  16.26507306 -061.51835852
112  16.26507306 -061.51835852  16.26513161 -061.51865126 3
112  16.26576928 -061.51879989  16.26618497 -061.51874500
111  16.26576928 -061.51879989 3
111  16.26708457 -061.51853568
112  16.26708457 -061.51853568  16.26738543 -061.51848485 3
115  16.26729885 -061.51817466
120 NW AprnMrkng 
111  16.27147858 -061.52702655 51
111  16.27153998 -061.52692599
111  16.27147723 -061.52676393 51
111  16.27205909 -061.52666078
112  16.27205909 -061.52666078  16.27211627 -061.52664944 51
112  16.27216442 -061.52674086  16.27217668 -061.52679760
111  16.27216442 -061.52674086 51
111  16.27227483 -061.52731102 51
112  16.27237995 -061.52788217  16.27237905 -061.52789627
111  16.27237995 -061.52788217
112  16.27237995 -061.52788217  16.27237882 -061.52789985 51
111  16.27227581 -061.52823015 51
112  16.27210312 -061.52873256  16.27208976 -061.52874803
111  16.27210312 -061.52873256
112  16.27210312 -061.52873256  16.27209492 -061.52874206 51
111  16.27193206 -061.52886947 51
112  16.27150849 -061.52918604  16.27149315 -061.52919137
111  16.27150849 -061.52918604
112  16.27150849 -061.52918604  16.27148494 -061.52919422 51
111  16.27115138 -061.52923978
111  16.27100931 -061.52924064 51
112  16.27049305 -061.52923727  16.27043967 -061.52922746 51
111  16.26945994 -061.52877115
112  16.26945994 -061.52877115  16.26941705 -061.52873632 51
112  16.26935176 -061.52861978  16.26932936 -061.52856256
111  16.26935176 -061.52861978 51
111  16.26926051 -061.52819300
112  16.26926051 -061.52819300  16.26920686 -061.52792535 51
116  16.26847049 -061.52791924  16.26784754 -061.52807087
120 WAprnMrkng
111  16.27145923 -061.52667731 3
111  16.27187759 -061.52660157 3
111  16.27225347 -061.52653369 3
112  16.27250294 -061.52787905  16.27250026 -061.52792101
111  16.27250294 -061.52787905
112  16.27250294 -061.52787905  16.27250012 -061.52792317 3
112  16.27220423 -061.52879666  16.27217882 -061.52882608 3
112  16.27156260 -061.52928599  16.27153719 -061.52929481 3
111  16.27116894 -061.52934479
111  16.27102626 -061.52934376 3
112  16.27046689 -061.52934127  16.27040929 -061.52933068
111  16.27046689 -061.52934127
112  16.27046689 -061.52934127  16.27040841 -061.52933592 3
111  16.26938402 -061.52885273
112  16.26938402 -061.52885273  16.26933213 -061.52882482 3
112  16.26925894 -061.52870000  16.26924539 -061.52862588
111  16.26925894 -061.52870000 3
111  16.26915677 -061.52823285
112  16.26915677 -061.52823285  16.26912007 -061.52807697 3
112  16.26891349 -061.52803961  16.26879773 -061.52806314
111  16.26891349 -061.52803961 3
111  16.26552053 -061.52876386
112  16.26552053 -061.52876386  16.26512634 -061.52885319 3
116  16.26501624 -061.52929569  16.26503493 -061.52939425
120 AprnA TL Egg
112  16.26957540 -061.52676204  16.26959072 -061.52686513 51
112  16.26922458 -061.52703814  16.26911737 -061.52705819
111  16.26922458 -061.52703814
112  16.26922458 -061.52703814  16.26913572 -061.52705475 51
112  16.26892691 -061.52696903  16.26885808 -061.52687619
111  16.26892691 -061.52696903
111  16.26889603 -061.52680710
112  16.26889603 -061.52680710  16.26892770 -061.52671662 51
112  16.26913486 -061.52663766  16.26923270 -061.52661893
111  16.26913486 -061.52663766
114  16.26913486 -061.52663766  16.26926414 -061.52661291 51
120 AprnA TL Egg
112  16.26926363 -061.52512594  16.26927895 -061.52522903 51
112  16.26891282 -061.52540204  16.26880560 -061.52542209
111  16.26891282 -061.52540204
112  16.26891282 -061.52540204  16.26882395 -061.52541865 51
112  16.26861486 -061.52533285  16.26854603 -061.52524002
111  16.26861486 -061.52533285
111  16.26858404 -061.52517097
112  16.26858404 -061.52517097  16.26861571 -061.52508049 51
112  16.26882309 -061.52500156  16.26892093 -061.52498283
111  16.26882309 -061.52500156
114  16.26882309 -061.52500156  16.26895238 -061.52497681 51
120 AprnA TL Egg
112  16.26890123 -061.52321565  16.26891655 -061.52331874 51
112  16.26855042 -061.52349176  16.26844320 -061.52351180
111  16.26855042 -061.52349176
112  16.26855042 -061.52349176  16.26846155 -061.52350837 51
112  16.26825077 -061.52342323  16.26818194 -061.52333039
111  16.26825077 -061.52342323
111  16.26821994 -061.52326153
112  16.26821994 -061.52326153  16.26825161 -061.52317105 51
112  16.26846069 -061.52309127  16.26855853 -061.52307254
111  16.26846069 -061.52309127
114  16.26846069 -061.52309127  16.26858998 -061.52306652 51
120 AprnA TL Egg
112  16.26775085 -061.51858755  16.26776789 -061.51865585
111  16.26775085 -061.51858755
111  16.26730705 -061.51860416
112  16.26730705 -061.51860416  16.26736969 -061.51855296 51
114  16.26748628 -061.51845844  16.26755777 -061.51844071 51
120 AprnA TL Egg
112  16.26795251 -061.51940181  16.26797001 -061.51947085 51
112  16.26771352 -061.51958670  16.26764048 -061.51960012
111  16.26771352 -061.51958670
112  16.26771352 -061.51958670  16.26765298 -061.51959783 51
112  16.26750871 -061.51953124  16.26746182 -061.51946907
111  16.26750871 -061.51953124
111  16.26748809 -061.51942309
112  16.26748809 -061.51942309  16.26750966 -061.51936251 51
112  16.26765283 -061.51930728  16.26771949 -061.51929474
111  16.26765283 -061.51930728
114  16.26765283 -061.51930728  16.26774091 -061.51929070 51
120 AprnA TL Egg
112  16.26865858 -061.52195181  16.26867390 -061.52205490 51
112  16.26830777 -061.52222792  16.26820055 -061.52224796
111  16.26830777 -061.52222792
112  16.26830777 -061.52222792  16.26821890 -061.52224453 51
112  16.26800717 -061.52214572  16.26793834 -061.52205288
111  16.26800717 -061.52214572
111  16.26797631 -061.52198388
112  16.26797631 -061.52198388  16.26800797 -061.52189340 51
112  16.26821869 -061.52181064  16.26831653 -061.52179191
111  16.26821869 -061.52181064
114  16.26821869 -061.52181064  16.26834797 -061.52178590 51
120 AprnA TL
111  16.26789133 -061.52153823 51
111  16.26750871 -061.51953124 51
111  16.26748809 -061.51942309 51
111  16.26747513 -061.51935511
112  16.26747513 -061.51935511  16.26737499 -061.51883840 51
112  16.26643352 -061.51885844  16.26591469 -061.51895770
111  16.26643352 -061.51885844 51
111  16.26557760 -061.51900818 51
111  16.26436589 -061.51923059
111  16.26487130 -061.51829895
112  16.26487130 -061.51829895  16.26497803 -061.51883896 51
116  16.26557760 -061.51900818  16.26587238 -061.51894995
120 AprnA TL
111  16.27042479 -061.52644888 51
115  16.26923352 -061.52628140
120 AprnA TL
111  16.26991484 -061.52417019 51
111  16.26864897 -061.52393764
112  16.26864897 -061.52393764  16.26848720 -061.52390700 51
115  16.26835234 -061.52361127
120 AprnA TL
111  16.27011778 -061.52515982 51
111  16.26907544 -061.52615281
112  16.26907544 -061.52615281  16.26896368 -061.52627536 51
115  16.26894058 -061.52647598
120 AprnA TL
111  16.27015895 -061.52557038 51
111  16.26911662 -061.52656337
112  16.26911662 -061.52656337  16.26900485 -061.52668592 51
115  16.26899352 -061.52687428
120 AprnA TL
111  16.27004425 -061.52496679 51
115  16.26896999 -061.52518609
120 AprnA TL
111  16.27038543 -061.52659677 51
115  16.26931117 -061.52681607
120 AprnA TL
111  16.27038543 -061.52659677 51
115  16.26931117 -061.52681607
120 AprnB Rdwy Lns
111  16.27093182 -061.52758775 20
111  16.27071032 -061.52642799
111  16.27077480 -061.52641913 22
115  16.27098467 -061.52757706
120 AprnB PrkLn
111  16.26985589 -061.52312494
111  16.26985589 -061.52312494
111  16.26985589 -061.52312494
111  16.26985589 -061.52312494
111  16.26983557 -061.52301831
111  16.26983557 -061.52301831
111  16.26983557 -061.52301831
111  16.26981526 -061.52291169 51
111  16.26981526 -061.52291169 51
111  16.26981526 -061.52291169 51
111  16.26981526 -061.52291169 51
111  16.26954505 -061.52296806 51
111  16.26954505 -061.52296806 51
111  16.26954505 -061.52296806 51
111  16.26954505 -061.52296806 51
111  16.26935053 -061.52282714
111  16.26935053 -061.52282714
111  16.26935053 -061.52282714
111  16.26935053 -061.52282714
111  16.26983557 -061.52301831 51
111  16.26983557 -061.52301831 51
111  16.26983557 -061.52301831 51
111  16.26983557 -061.52301831 51
111  16.26904425 -061.52318047
111  16.26904425 -061.52318047
111  16.26904425 -061.52318047
111  16.26904425 -061.52318047
111  16.26945313 -061.52336205 51
111  16.26945313 -061.52336205 51
111  16.26945313 -061.52336205 51
111  16.26945313 -061.52336205 51
111  16.26958796 -061.52318054 51
111  16.26958796 -061.52318054 51
111  16.26958796 -061.52318054 51
113  16.26958796 -061.52318054 51
120 NW Aprn TL
111  16.27039532 -061.52774590 51
111  16.26986128 -061.52816542
112  16.26986128 -061.52816542  16.26978834 -061.52822915 51
112  16.26953449 -061.52811366  16.26949228 -061.52803139
111  16.26953449 -061.52811366
111  16.27009074 -061.52813902 51
111  16.27021501 -061.52820320
111  16.27043201 -061.52830246 51
111  16.27021501 -061.52820320 51
111  16.26993007 -061.52838303
111  16.26985138 -061.52853520
112  16.26985138 -061.52853520  16.26990408 -061.52860109 51
112  16.27004946 -061.52855894  16.27010808 -061.52850907
111  16.27004946 -061.52855894 51
111  16.27055846 -061.52819212
111  16.27064343 -061.52835551 51
111  16.27052594 -061.52866388
111  16.27057304 -061.52869494 51
111  16.27027170 -061.52893255
111  16.27034168 -061.52854236 51
111  16.27052594 -061.52866388 51
111  16.27057304 -061.52869494 51
111  16.27084490 -061.52886901
111  16.27112644 -061.52908911 51
112  16.27116148 -061.52905394  16.27116932 -061.52903147
111  16.27116148 -061.52905394 51
111  16.27128719 -061.52868724
111  16.27106452 -061.52860683 51
111  16.27128719 -061.52868724 51
111  16.27145427 -061.52874607 51
111  16.27131387 -061.52911579
112  16.27131387 -061.52911579  16.27128096 -061.52918553 51
111  16.27115138 -061.52923978
111  16.27181102 -061.52874414 51
111  16.27152636 -061.52837370
111  16.27145427 -061.52874607 51
111  16.27151403 -061.52858232
111  16.27142882 -061.52827508 51
111  16.27190610 -061.52854973
112  16.27190610 -061.52854973  16.27202767 -061.52862122 51
111  16.27193206 -061.52886947
111  16.27221009 -061.52824284 51
111  16.27178581 -061.52804068 51
111  16.27165896 -061.52775098 51
111  16.27217412 -061.52790930
112  16.27217412 -061.52790930  16.27229764 -061.52794606 51
111  16.27227581 -061.52823015
111  16.27213221 -061.52740538 51
111  16.27168354 -061.52751814
111  16.27166720 -061.52756464 51
111  16.27168354 -061.52751814 51
111  16.27183207 -061.52712472
111  16.27157985 -061.52726507 51
111  16.27207162 -061.52714827
112  16.27207162 -061.52714827  16.27223828 -061.52711150 51
111  16.27227483 -061.52731102
111  16.27201024 -061.52683719 51
111  16.27153998 -061.52692599 51
115  16.27170414 -061.52663503
120 NW Aprn TL
111  16.26922031 -061.52869779 51
111  16.26968364 -061.52815929
112  16.26968364 -061.52815929  16.26970803 -061.52811694 51
112  16.26975907 -061.52784845  16.26975093 -061.52779763
111  16.26975907 -061.52784845 51
111  16.26958299 -061.52692647
111  16.26948388 -061.52694728 51
111  16.26964993 -061.52787773 51
111  16.26986128 -061.52816542 51
111  16.27044149 -061.52895521
112  16.27044149 -061.52895521  16.27046990 -061.52898562 51
112  16.27055291 -061.52901033  16.27060009 -061.52901181
111  16.27055291 -061.52901033 51
111  16.27096909 -061.52898895
115  16.27110791 -061.52897811
120 AprnB TL
111  16.26952936 -061.52151001 51
115  16.26821799 -061.52177637
120 AprnB TL
111  16.26962110 -061.52200098 51
115  16.26829211 -061.52226904
120 AprnB TL
111  16.26971563 -061.52250057 51
115  16.26838740 -061.52276906
120 AprnBRdwyLN
112  16.27103777 -061.52828346  16.27130250 -061.52826444 22
112  16.27148084 -061.52780703  16.27148388 -061.52756930
111  16.27148084 -061.52780703
112  16.27148084 -061.52780703  16.27148197 -061.52771837 22
112  16.27140582 -061.52754135  16.27135777 -061.52745890
111  16.27140582 -061.52754135
112  16.27140582 -061.52754135  16.27132504 -061.52740273
112  16.27099213 -061.52729767  16.27080133 -061.52729872
111  16.27099213 -061.52729767
112  16.27099213 -061.52729767  16.27093322 -061.52729628
112  16.27083213 -061.52731907  16.27078435 -061.52733412
111  16.27083213 -061.52731907
112  16.27083213 -061.52731907  16.27061002 -061.52738901 22
112  16.27051745 -061.52781751  16.27052747 -061.52801837
111  16.27051745 -061.52781751
114  16.27051745 -061.52781751  16.27052962 -061.52806158 22
120 AprnBRdwyLN
112  16.27103408 -061.52823681  16.27127373 -061.52821959 20
112  16.27143517 -061.52780551  16.27143793 -061.52759031
111  16.27143517 -061.52780551
112  16.27143517 -061.52780551  16.27143619 -061.52772629 20
112  16.27136868 -061.52756352  16.27132628 -061.52748960
111  16.27136868 -061.52756352
112  16.27136868 -061.52756352  16.27129590 -061.52743663
112  16.27099276 -061.52734441  16.27081871 -061.52734537
111  16.27099276 -061.52734441
112  16.27099276 -061.52734441  16.27093168 -061.52734297
112  16.27082937 -061.52737014  16.27078150 -061.52738790
111  16.27082937 -061.52737014
112  16.27082937 -061.52737014  16.27064114 -061.52743996 22
112  16.27056305 -061.52781500  16.27057184 -061.52799115
111  16.27056305 -061.52781500
114  16.27056305 -061.52781500  16.27057407 -061.52803595 20
120 AprnBRdwyLN
112  16.27104092 -061.52832332  16.27112345 -061.52831739
111  16.27104092 -061.52832332
112  16.27104092 -061.52832332  16.27107039 -061.52832121
112  16.27112616 -061.52831029  16.27115348 -061.52830378
111  16.27112616 -061.52831029
112  16.27112616 -061.52831029  16.27136413 -061.52825365 20
112  16.27151985 -061.52780833  16.27152280 -061.52757782
111  16.27151985 -061.52780833
112  16.27151985 -061.52780833  16.27152107 -061.52771338 20
112  16.27144065 -061.52751941  16.27138965 -061.52743089
111  16.27144065 -061.52751941 21
111  16.27134584 -061.52757568
111  16.27099159 -061.52725774
112  16.27099159 -061.52725774  16.27093146 -061.52725632
112  16.27082734 -061.52727822  16.27077795 -061.52729274
111  16.27082734 -061.52727822
112  16.27082734 -061.52727822  16.27058123 -061.52735055 20
112  16.27047848 -061.52781965  16.27048944 -061.52803938
111  16.27047848 -061.52781965
112  16.27047848 -061.52781965  16.27048785 -061.52800739 20
112  16.27080453 -061.52827766  16.27098528 -061.52836193
111  16.27080453 -061.52827766
114  16.27080453 -061.52827766  16.27087779 -061.52831181
120 AprnC PrkLn
111  16.26889153 -061.51850876 51
111  16.26886165 -061.51835533 51
111  16.26883260 -061.51820446 51
111  16.26866445 -061.51823824 51
111  16.26834490 -061.51804564
111  16.26849221 -061.51882580 51
113  16.26871606 -061.51854431 51
120 AprnC PrkLn
111  16.26905011 -061.51933882 51
111  16.26902187 -061.51918624 51
111  16.26899364 -061.51903366 51
111  16.26881975 -061.51906915 51
111  16.26850632 -061.51889357
111  16.26864751 -061.51960139 51
113  16.26887136 -061.51937522 51
120 AprnC TL
111  16.26707451 -061.51872750 51
112  16.26730705 -061.51860416  16.26741043 -061.51852053
111  16.26730705 -061.51860416
112  16.26730705 -061.51860416  16.26737883 -061.51854114 51
112  16.26742968 -061.51831533  16.26740585 -061.51819653 51
112  16.26761422 -061.51797441  16.26778988 -061.51793782
111  16.26761422 -061.51797441 51
111  16.26771764 -061.51795292 51
111  16.26816166 -061.51786063 51
111  16.26838962 -061.51781325 51
111  16.26859956 -061.51777108
112  16.26859956 -061.51777108  16.26866087 -061.51775559 51
112  16.26864936 -061.51766102  16.26863842 -061.51760758
111  16.26864936 -061.51766102 51
111  16.26856600 -061.51722209
112  16.26856600 -061.51722209  16.26855068 -061.51715293 51
112  16.26847302 -061.51714839  16.26841685 -061.51715903
111  16.26847302 -061.51714839 51
111  16.26825996 -061.51719224 51
111  16.26804537 -061.51723616 51
112  16.26785550 -061.51727481  16.26784668 -061.51727649
111  16.26785550 -061.51727481 51
111  16.26774354 -061.51729774
111  16.26772431 -061.51719587 51
111  16.26774354 -061.51729774 51
111  16.26819910 -061.51969255
111  16.26795251 -061.51940181 51
111  16.26895072 -061.51920058
111  16.26902187 -061.51918624
111  16.26886165 -061.51835533
111  16.26880306 -061.51836758 51
111  16.26775085 -061.51858755 51
111  16.26707451 -061.51872750 51
115  16.26643352 -061.51885844
120 AprnC TL
111  16.26774354 -061.51729774 51
111  16.26770465 -061.51730420
112  16.26770465 -061.51730420  16.26765808 -061.51731442 51
112  16.26763266 -061.51740381  16.26764401 -061.51745995
111  16.26763266 -061.51740381 51
111  16.26771349 -061.51782083
112  16.26771349 -061.51782083  16.26772342 -061.51787107 51
112  16.26761422 -061.51797441  16.26754898 -061.51798919
111  16.26761422 -061.51797441
111  16.26771764 -061.51795292
112  16.26771764 -061.51795292  16.26776870 -061.51793802 51
112  16.26780254 -061.51782489  16.26781275 -061.51778659
111  16.26780254 -061.51782489 51
112  16.26791882 -061.51749067  16.26792903 -061.51745237
111  16.26791882 -061.51749067 51
112  16.26785550 -061.51727481  16.26770436 -061.51724503
111  16.26785550 -061.51727481
111  16.26804537 -061.51723616
112  16.26804537 -061.51723616  16.26807984 -061.51723000 51
112  16.26812915 -061.51729256  16.26813703 -061.51732847
111  16.26812915 -061.51729256 51
111  16.26821888 -061.51776223
112  16.26821888 -061.51776223  16.26823052 -061.51782134 51
112  16.26816166 -061.51786063  16.26812746 -061.51786704
111  16.26816166 -061.51786063
111  16.26838962 -061.51781325
112  16.26838962 -061.51781325  16.26844399 -061.51780216 51
112  16.26845379 -061.51770105  16.26843961 -061.51762471
111  16.26845379 -061.51770105 51
111  16.26836956 -061.51726082
112  16.26836956 -061.51726082  16.26836070 -061.51721670 51
116  16.26825996 -061.51719224  16.26821071 -061.51720250
120 AprnBMrkng
111  16.27137522 -061.52794975 21
111  16.27137522 -061.52794975 21
111  16.27137522 -061.52794975 21
111  16.27137522 -061.52794975 21
111  16.27148576 -061.52798989
111  16.27110132 -061.52831468 21
111  16.27107645 -061.52819289
111  16.27072486 -061.52807856 21
111  16.27064754 -061.52816692
111  16.27050442 -061.52760769 21
111  16.27062237 -061.52764769 20
115  16.27062237 -061.52764769
120 SW RAMP TL
111  16.26242144 -061.53020016 51
111  16.26293565 -061.53011243
111  16.26238532 -061.53000989 51
111  16.26289973 -061.52992649
111  16.26238285 -061.52980123 51
111  16.26236775 -061.52972382
111  16.26233196 -061.52972878
111  16.26234773 -061.52980698 51
111  16.26238285 -061.52980123 51
111  16.26246769 -061.52978734 51
111  16.26260808 -061.52976361 51
111  16.26286075 -061.52971972
111  16.26245289 -061.52970964 51
111  16.26236775 -061.52972382
111  16.26232770 -061.52970629 51
111  16.26256529 -061.52954037
111  16.26257031 -061.52956672 51
111  16.26282415 -061.52952376
111  16.26228625 -061.52949020 51
111  16.26252494 -061.52933003
111  16.26253329 -061.52937226 51
111  16.26278668 -061.52932982
111  16.26252494 -061.52933003
111  16.26213720 -061.52923959 51
111  16.26274923 -061.52913597
111  16.26244841 -061.52898759 51
111  16.26271383 -061.52894596
111  16.26206228 -061.52884777 51
111  16.26267329 -061.52874316
111  16.26202611 -061.52865109 51
111  16.26263705 -061.52854799
111  16.26198816 -061.52845727 51
111  16.26260018 -061.52835083
111  16.26229908 -061.52820033 51
111  16.26256249 -061.52815385
111  16.26193169 -061.52816084 51
111  16.26227942 -061.52809814
111  16.26186765 -061.52782294 51
111  16.26221530 -061.52776065
111  16.26183645 -061.52766126 51
111  16.26218580 -061.52760533
111  16.26177891 -061.52735820 51
111  16.26212714 -061.52729660
111  16.26174655 -061.52718985 51
111  16.26235785 -061.52708116
111  16.26170953 -061.52699550 51
111  16.26232196 -061.52689170
111  16.26172415 -061.52678556 51
111  16.26228450 -061.52668892
111  16.26168466 -061.52658066 51
111  16.26224569 -061.52648813
111  16.26164836 -061.52639146 51
111  16.26194587 -061.52634199 51
111  16.26220871 -061.52629829
111  16.26175049 -061.52619897 51
111  16.26228353 -061.52901655 51
111  16.26239895 -061.52942657 51
111  16.26245289 -061.52970964 51
111  16.26246769 -061.52978734 51
111  16.26256185 -061.53028154
111  16.26268218 -061.53015452 51
111  16.26260808 -061.52976361 51
111  16.26257031 -061.52956672 51
111  16.26256529 -061.52954037 51
111  16.26253329 -061.52937226 51
111  16.26252494 -061.52933003 51
111  16.26244841 -061.52898759 51
111  16.26229908 -061.52820033 51
111  16.26227942 -061.52809814 51
111  16.26221530 -061.52776065 51
111  16.26218580 -061.52760533 51
111  16.26212714 -061.52729660 51
111  16.26194587 -061.52634199
111  16.26206124 -061.52613858 51
111  16.26225617 -061.52716675 51
111  16.26237105 -061.52714780
111  16.26252800 -061.52797192 51
111  16.26241808 -061.52799383 51
115  16.26284295 -061.53024170
120 Exit TLs SE Ramp
112  16.26312502 -061.52361778  16.26326736 -061.52359307 51
112  16.26360571 -061.52301498  16.26354936 -061.52270796
111  16.26360571 -061.52301498 51
111  16.26351024 -061.52250962
111  16.26367354 -061.52301213
111  16.26386523 -061.52408413
111  16.26392412 -061.52469960 51
111  16.26380208 -061.52405056
112  16.26380208 -061.52405056  16.26373364 -061.52369659 51
112  16.26312502 -061.52361778  16.26296466 -061.52364259
111  16.26312502 -061.52361778 51
111  16.26268871 -061.52369187
112  16.26268871 -061.52369187  16.26258827 -061.52370468 51
112  16.26237321 -061.52388192  16.26220958 -061.52392147
111  16.26237321 -061.52388192 51
111  16.26205558 -061.52395742
111  16.26210834 -061.52340092
112  16.26210834 -061.52340092  16.26213331 -061.52350170 51
112  16.26268871 -061.52369187  16.26307880 -061.52363985
111  16.26268871 -061.52369187
111  16.26158472 -061.52065058
112  16.26158472 -061.52065058  16.26160345 -061.52075591 51
112  16.26218751 -061.52095169  16.26261518 -061.52087445
111  16.26218751 -061.52095169
111  16.26272985 -061.52085438
112  16.26272985 -061.52085438  16.26303145 -061.52080547 51
112  16.26310163 -061.52037143  16.26306150 -061.52016632
111  16.26310163 -061.52037143 51
111  16.26300574 -061.51987770
111  16.26307026 -061.52001939
111  16.26329751 -061.52123859
111  16.26333872 -061.52161644 51
111  16.26326703 -061.52123613
112  16.26326703 -061.52123613  16.26320683 -061.52090299 51
112  16.26272985 -061.52085438  16.26242824 -061.52090329
111  16.26272985 -061.52085438 51
111  16.26218751 -061.52095169
112  16.26218751 -061.52095169  16.26175984 -061.52102893 51
116  16.26175478 -061.52154378  16.26179073 -061.52174787
120 SE Ramp RdWy
111  16.26104601 -061.51759300 20
111  16.26103271 -061.51790666
112  16.26103271 -061.51790666  16.26102187 -061.51795181 20
112  16.26094084 -061.51806421  16.26090183 -061.51809807
111  16.26094084 -061.51806421 20
111  16.26045235 -061.51848961
112  16.26045235 -061.51848961  16.26042417 -061.51851444 20
112  16.26035435 -061.51861390  16.26033484 -061.51868162
111  16.26035435 -061.51861390 20
111  16.26035736 -061.51874176
111  16.26029322 -061.51874401
111  16.26023084 -061.51875736 20
111  16.26023425 -061.51858367
112  16.26023425 -061.51858367  16.26025592 -061.51850014 20
112  16.26036377 -061.51841795  16.26039627 -061.51838860
111  16.26036377 -061.51841795 20
111  16.26085581 -061.51799828
112  16.26085581 -061.51799828  16.26089266 -061.51795990 20
112  16.26092703 -061.51786761  16.26093787 -061.51781795
111  16.26092703 -061.51786761 20
111  16.26094060 -061.51757934
111  16.26099574 -061.51758129 22
111  16.26098218 -061.51788848
112  16.26098218 -061.51788848  16.26096918 -061.51794492 22
112  16.26089405 -061.51803587  16.26084853 -061.51807425
111  16.26089405 -061.51803587 22
111  16.26041294 -061.51845102
112  16.26041294 -061.51845102  16.26038477 -061.51847811 20
112  16.26029626 -061.51860091  16.26027242 -061.51868218
111  16.26029626 -061.51860091 22
115  16.26029322 -061.51874401
120 SE RampCircl
112  16.26177678 -061.52439448  16.26175287 -061.52445650 51
112  16.26163653 -061.52445205  16.26158636 -061.52442919 51
112  16.26158003 -061.52431021  16.26160256 -061.52425795 51
114  16.26172323 -061.52424773  16.26177724 -061.52427569 51
120 SE RampCircl
112  16.25932097 -061.51426287  16.25932139 -061.51428937 9
112  16.25927811 -061.51430615  16.25925640 -061.51430583 9
112  16.25923614 -061.51426244  16.25923666 -061.51423972 9
114  16.25927963 -061.51421758  16.25930350 -061.51421914 9
120 SE RampCircl
112  16.25932511 -061.51470972  16.25932563 -061.51474291 51
112  16.25927144 -061.51476392  16.25924425 -061.51476352 51
112  16.25921888 -061.51470918  16.25921953 -061.51468073 51
114  16.25927335 -061.51465300  16.25930324 -061.51465496 51
120 SE RampCircl
112  16.25932254 -061.51516376  16.25932295 -061.51519026 51
112  16.25927968 -061.51520704  16.25925796 -061.51520672 51
112  16.25923771 -061.51516333  16.25923823 -061.51514062 51
114  16.25928120 -061.51511847  16.25930507 -061.51512004 51
120 SE RampCircl
112  16.26282870 -061.52527205  16.26281286 -061.52531314 51
112  16.26273576 -061.52530978  16.26270251 -061.52529463 51
112  16.26269831 -061.52521411  16.26271325 -061.52517948 51
114  16.26279321 -061.52517438  16.26282901 -061.52519291 51
120 SE RampCircl
112  16.26276305 -061.53156179  16.26273913 -061.53162381 51
112  16.26262280 -061.53161873  16.26257263 -061.53159587 51
112  16.26256542 -061.53147590  16.26258795 -061.53142365 51
114  16.26270949 -061.53141441  16.26276351 -061.53144237 51
120 SE RampCircl
112  16.26186846 -061.52502988  16.26184454 -061.52509189 51
112  16.26172821 -061.52508681  16.26167804 -061.52506395 51
112  16.26167083 -061.52494399  16.26169336 -061.52489173 51
114  16.26181491 -061.52488249  16.26186892 -061.52491045 51
120 SE PrknLn
112  16.26131231 -061.51977430  16.26124527 -061.51964682 51
112  16.26101217 -061.51962724  16.26084177 -061.51965825
111  16.26101217 -061.51962724 51
115  16.26041903 -061.51973020
120 SE PrknLn
112  16.26141605 -061.52031308  16.26137501 -061.52008807 51
112  16.26108239 -061.52000108  16.26091199 -061.52003209
111  16.26108239 -061.52000108 51
115  16.26052682 -061.52009386
120 SE PrknLn
112  16.26150607 -061.52078061  16.26145337 -061.52070348 51
112  16.26118223 -061.52050791  16.26099027 -061.52043781
111  16.26118223 -061.52050791 51
115  16.26060731 -061.52027477
120 SE PrknLn
112  16.26154577 -061.52098682  16.26153532 -061.52099589 51
112  16.26128326 -061.52102564  16.26112770 -061.52097721
111  16.26128326 -061.52102564 51
115  16.26070528 -061.52078168
120 SE PrknLn
112  16.26168602 -061.52171521  16.26167896 -061.52171946 51
112  16.26142158 -061.52175168  16.26126603 -061.52170325
111  16.26142158 -061.52175168 51
115  16.26084624 -061.52151105
120 SE PrknLn
112  16.26182214 -061.52242216  16.26181530 -061.52242557 51
112  16.26155488 -061.52246759  16.26139932 -061.52241916
111  16.26155488 -061.52246759 51
115  16.26098233 -061.52221523
120 SE PrknLn
112  16.26195605 -061.52311714  16.26195241 -061.52311942 51
112  16.26168967 -061.52315746  16.26153412 -061.52310903
111  16.26168967 -061.52315746 51
115  16.26111702 -061.52291218
120 SE PrknLn
112  16.26208411 -061.52378235  16.26207779 -061.52378666 51
112  16.26181651 -061.52382310  16.26166096 -061.52377467
111  16.26181651 -061.52382310 51
115  16.26124579 -061.52357846
120 SE PrknLn
112  16.26220738 -061.52442267  16.26220302 -061.52442531 51
112  16.26194106 -061.52446492  16.26178550 -061.52441649
111  16.26194106 -061.52446492 51
115  16.26137008 -061.52422158
120 SE PrknLn
112  16.26233169 -061.52506840  16.26232491 -061.52507276 51
112  16.26206826 -061.52511374  16.26191270 -061.52506531
111  16.26206826 -061.52511374 51
115  16.26149542 -061.52487011
120 SE PrknLn
112  16.26245165 -061.52569163  16.26244790 -061.52569399 51
112  16.26218384 -061.52573947  16.26202828 -061.52569104
111  16.26218384 -061.52573947 51
115  16.26161579 -061.52549297
120 TL SW Ramp
112  16.26230582 -061.52741828  16.26217592 -061.52744125 51
111  16.26213226 -061.52732354
111  16.26218064 -061.52757822 51
112  16.26230582 -061.52741828  16.26243573 -061.52739530
111  16.26230582 -061.52741828 51
112  16.26265336 -061.52735854  16.26273488 -061.52734678 51
112  16.26287723 -061.52744000  16.26289216 -061.52751707
111  16.26287723 -061.52744000
111  16.26282520 -061.52716593
112  16.26282520 -061.52716593  16.26284527 -061.52726522 51
116  16.26265336 -061.52735854  16.26259191 -061.52736768
120 TL SW Ramp
112  16.26239286 -061.52786508  16.26231240 -061.52791694 51
111  16.26222047 -061.52778784
111  16.26227319 -061.52806537 51
112  16.26239286 -061.52786508  16.26251051 -061.52778848
111  16.26239286 -061.52786508 51
111  16.26273413 -061.52764339
112  16.26273413 -061.52764339  16.26278831 -061.52760952 51
112  16.26293378 -061.52773623  16.26294679 -061.52781073
111  16.26293378 -061.52773623
112  16.26288575 -061.52748543  16.26288875 -061.52750354
111  16.26288575 -061.52748543
112  16.26288575 -061.52748543  16.26290032 -061.52756078 51
116  16.26273413 -061.52764339  16.26271495 -061.52765588
120 SE Ramp Rd Ln
111  16.26173530 -061.52611135 20
111  16.26161579 -061.52549297 20
111  16.26158936 -061.52535618 20
111  16.26149542 -061.52487011 20
111  16.26147506 -061.52476477 20
111  16.26137008 -061.52422158 20
111  16.26134503 -061.52409197 20
111  16.26124579 -061.52357846 20
111  16.26121684 -061.52342864 20
111  16.26111702 -061.52291218 20
111  16.26108304 -061.52273635 20
111  16.26101924 -061.52240623 20
111  16.26098233 -061.52221523 20
111  16.26095382 -061.52206770 20
111  16.26084624 -061.52151105 20
111  16.26081606 -061.52135488 20
111  16.26070528 -061.52078168 20
111  16.26065987 -061.52054669 20
111  16.26060731 -061.52027477
112  16.26060731 -061.52027477  16.26058885 -061.52019519 20
111  16.26052682 -061.52009386 20
112  16.26045717 -061.51993111  16.26043783 -061.51985613
111  16.26045717 -061.51993111 20
111  16.26041903 -061.51973020 20
111  16.26010345 -061.51806796 20
115  16.25993099 -061.51715954
120 TL B
112  16.26263032 -061.51403984  16.26224561 -061.51410234 51
112  16.26184745 -061.51368574  16.26180517 -061.51351587
111  16.26184745 -061.51368574 51
111  16.26176447 -061.51324255
111  16.26172794 -061.51332751
111  16.26205213 -061.51503109
111  16.26211541 -061.51509175 51
111  16.26206870 -061.51483852
112  16.26206870 -061.51483852  16.26201855 -061.51457626 51
112  16.26263032 -061.51403984  16.26301503 -061.51397734
111  16.26263032 -061.51403984 51
111  16.26330532 -061.51393099
112  16.26330532 -061.51393099  16.26360434 -061.51390036 51
112  16.26414448 -061.51452078  16.26425723 -061.51510034
111  16.26414448 -061.51452078 51
112  16.26487130 -061.51829895  16.26496444 -061.51879682 51
112  16.26436589 -061.51923059  16.26392118 -061.51930044
111  16.26436589 -061.51923059 51
111  16.26356952 -061.51938474
112  16.26356952 -061.51938474  16.26319011 -061.51946134 51
112  16.26302782 -061.51990651  16.26305477 -061.52004983
111  16.26302782 -061.51990651 51
111  16.26312446 -061.52039375
111  16.26307921 -061.52030821
111  16.26272018 -061.51848951
111  16.26273608 -061.51835622 51
111  16.26283745 -061.51889358
112  16.26283745 -061.51889358  16.26288851 -061.51914475 51
116  16.26356952 -061.51938474  16.26388665 -061.51932210
120 S Ramps TL
111  16.26535564 -061.53220123 51
111  16.26522698 -061.53150968
112  16.26522698 -061.53150968  16.26519304 -061.53133988 51
112  16.26480780 -061.53100456  16.26466566 -061.53090440
111  16.26480780 -061.53100456 51
111  16.26388517 -061.53033488
112  16.26388517 -061.53033488  16.26378114 -061.53025812 51
112  16.26370824 -061.53014599  16.26366923 -061.53007826
111  16.26370824 -061.53014599 51
111  16.26332620 -061.52955452
112  16.26332620 -061.52955452  16.26327852 -061.52948002 51
112  16.26324023 -061.52934579  16.26322073 -061.52924645
111  16.26324023 -061.52934579 51
111  16.26293378 -061.52773623 51
111  16.26288575 -061.52748543 51
111  16.26287723 -061.52744000 51
111  16.26282520 -061.52716593 51
111  16.26247540 -061.52532868 51
111  16.26242116 -061.52504403 51
111  16.26236268 -061.52473685 51
111  16.26230833 -061.52445138 51
111  16.26226705 -061.52423456 51
111  16.26223482 -061.52406526 51
111  16.26218051 -061.52377997 51
111  16.26210834 -061.52340092 51
111  16.26205397 -061.52311536 51
111  16.26197654 -061.52270864 51
111  16.26192224 -061.52242339 51
111  16.26184888 -061.52203808 51
111  16.26179461 -061.52175300 51
111  16.26175478 -061.52154378 51
111  16.26171267 -061.52132262 51
111  16.26166367 -061.52106525 51
111  16.26165832 -061.52103715 51
111  16.26158472 -061.52065058 51
111  16.26105022 -061.51784324 51
115  16.26016413 -061.51318923
120 NE RdwyLn
112  16.27144065 -061.52751941  16.27141027 -061.52746315 20
112  16.27155033 -061.52727803  16.27152117 -061.52712311 20
112  16.27138187 -061.52710546  16.27137573 -061.52706737
111  16.27138187 -061.52710546
112  16.27138187 -061.52710546  16.27136514 -061.52705119 20
115  16.27132168 -061.52668562
120 FuelCrosslns
111  16.27148983 -061.52737645 1
111  16.27139168 -061.52742226
111  16.27137213 -061.52740991 1
111  16.27150900 -061.52734643
111  16.27151638 -061.52732225 1
111  16.27136775 -061.52739176
111  16.27136549 -061.52737202 1
111  16.27145271 -061.52733117
111  16.27147352 -061.52732142 1
111  16.27151836 -061.52730041
111  16.27151665 -061.52728075 1
111  16.27147193 -061.52730164
111  16.27139980 -061.52733535 1
111  16.27136330 -061.52735241
111  16.27136104 -061.52733266 1
111  16.27138651 -061.52732073
111  16.27147045 -061.52728143 1
111  16.27151200 -061.52726198
111  16.27150463 -061.52724453 1
111  16.27146873 -061.52726138
111  16.27138487 -061.52730074 1
111  16.27135879 -061.52731298
111  16.27135663 -061.52729297 1
111  16.27138320 -061.52728056
111  16.27141706 -061.52726474 1
111  16.27149482 -061.52722843
111  16.27148223 -061.52721343 1
111  16.27135437 -061.52727298
111  16.27135206 -061.52725302 1
111  16.27146610 -061.52719952
111  16.27144693 -061.52718799 1
111  16.27134987 -061.52723348
111  16.27134766 -061.52721375 1
111  16.27142274 -061.52717891
111  16.27138981 -061.52717353 1
115  16.27134646 -061.52719366
120 Pump Ln
111  16.27147417 -061.52732863 1
111  16.27146866 -061.52725956 1
111  16.27138011 -061.52726847 1
113  16.27138576 -061.52733935 1
120 Pump Ln
111  16.27147184 -061.52732674 3
111  16.27146660 -061.52726191 3
111  16.27138244 -061.52727027 3
113  16.27138781 -061.52733681 3
120 Fuel Pad
112  16.27139735 -061.52742161  16.27121248 -061.52744756
111  16.27139735 -061.52742161 20
112  16.27136869 -061.52740077  16.27136472 -061.52737229
111  16.27136869 -061.52740077 20
111  16.27134650 -061.52720301
112  16.27134650 -061.52720301  16.27134302 -061.52717656 20
111  16.27136754 -061.52717364
114  16.27136754 -061.52717364  16.27154211 -061.52716142 20
120 Fuel Pad
112  16.27139770 -061.52742559  16.27120294 -061.52745303
111  16.27139770 -061.52742559
112  16.27139770 -061.52742559  16.27139525 -061.52742594 20
112  16.27136552 -061.52740399  16.27136184 -061.52737768
111  16.27136552 -061.52740399 20
111  16.27134323 -061.52720286
112  16.27134323 -061.52720286  16.27133963 -061.52717550 20
111  16.27136531 -061.52716936
114  16.27136531 -061.52716936  16.27154556 -061.52715742 20
21  16.26781115 -061.54202301 2 101.2000 3.20 11
21  16.26261250 -061.52018759 2 281.2000 3.00 29
20  16.26455112 -061.51830047 283.2400 0 2 {@L}A{@Y,^l}B{safety}B{^r,@@,@L}A
20  16.26146110 -061.51351279 281.0000 0 2 {@L}30{@Y}A{^r,@@,@L}12
20  16.26246973 -061.51828668 279.0500 0 2 {@L}30{@Y}B{^r,@@,@L}12
20  16.26280672 -061.52003798 281.3100 0 2 {@L}30{@Y,^l}D{@@,@L}12
20  16.26475000 -061.53029567 281.3100 0 2 {@L}30{@Y,^rd}F{@@,@L}12
20  16.26532916 -061.53338570 281.3100 0 2 {@L}30{no-entry,@R,^r,@@,@L}12
20  16.26329155 -061.52268057 281.3100 0 2 {@L}30{@Y,^l}E{@@,@L}12
20  16.26423460 -061.52776642 279.0500 0 2 {@L}30{@Y}C{^r,@@,@L}12
20  16.26600066 -061.53419501 102.9700 0 2 {@L}12{@R,^l,no-entry,@@,@L}30
20  16.26249598 -061.51525578 102.9700 0 2 {@L}12{@Y,^l}A{@@,@L}30
20  16.26355203 -061.52129936 102.9700 0 2 {@L}12{@Y,^l}B{safety}D{^r,@@,@L}30
20  16.26415841 -061.52444642 102.9700 0 2 {@L}12{@Y}E{^r,@@,@L}30
20  16.26512638 -061.52949854 102.9700 0 2 {@L}12{@Y,^l}C{@@,@L}30
20  16.26566474 -061.53238416 102.9700 0 2 {@L}12{@Y}F{^rd,@@,@L}30
20  16.26368871 -061.51365309 163.1100 0 2 {@L}A{@R,^lu}12-30{^rd,@@,@L}A
20  16.26452331 -061.51883579 191.6400 0 2 {@L}B{@R}12-30{@@,@L}B
20  16.26628381 -061.52803600 191.6400 0 2 {@L}C{@R}12-30{@@,@L}C
20  16.26228202 -061.52142924 9.2800 0 2 {@L}D{@R}12-30{@@,@L}D
20  16.26214230 -061.52064034 9.2800 0 2 {@L}D{@R}12-30{@@,@L}D
20  16.26277542 -061.52399712 9.2800 0 2 {@L}E{@R}12-30{@@,@L}E
20  16.26268832 -061.52343787 9.2800 0 2 {@L}E{@R}12-30{@@,@L}E
20  16.26045029 -061.51401336 101.1400 0 2 {no-entry}
20  16.27099642 -061.52941722 280.0100 0 2 {no-entry}
15  16.27038799 -061.52643962  -8.41 Gate 2
15  16.27001922 -061.52570253  43.15 Gate 3
15  16.27003952 -061.52523452  43.98 Gate 4
15  16.26988764 -061.52499626  11.02 Gate 5
15  16.26954542 -061.52201201  12.22 Gate 9
15  16.26946410 -061.52151674  12.24 Gate 10
15  16.26891242 -061.51920830  11.06 Gate 11
15  16.26168135 -061.52551829 153.82 Gate 12
15  16.26177247 -061.52498704 156.04 Gate 13
15  16.26168179 -061.52435317 160.42 Gate 14
15  16.26131958 -061.52360966 157.68 Gate 15
15  16.26107690 -061.52225708 -203.08 Gate 17
15  16.26077672 -061.52081035 -204.25 Gate 19
15  16.26068545 -061.52030685 156.99 Gate 20
15  16.26061310 -061.52008127 191.17 Mil cargo Ramp 1
15  16.27155933 -061.52674606 192.74 GA Ramp A-1
15  16.27166827 -061.52724260 -167.38 GA Ramp A-3
15  16.27175977 -061.52740083 152.84 GA Ramp A-4
15  16.27162304 -061.52849307 -233.23 GA Ramp A-8
15  16.27148022 -061.52867235  67.90 GA Ramp A-9
15  16.27126529 -061.52875234  70.76 GA Ramp A-10
15  16.27076495 -061.52887809  39.40 GA Ramp A-11
15  16.27038309 -061.52831930  33.91 GA Ramp A-13
15  16.27018179 -061.52822390  31.29 GA Ramp A-14
15  16.26860238 -061.51739895 101.52 GA Ramp B-18
15  16.26816481 -061.51749078 100.02 GA Ramp B-20
15  16.26791882 -061.51749067  69.77 GA Ramp B-21
15  16.26767057 -061.51759452 103.00 GA Ramp B-22
15  16.26286656 -061.53003863 191.95 GA Ramp C-23
15  16.26267516 -061.52904222 188.17 GA Ramp C-28
15  16.26224990 -061.52678836 191.21 GA Ramp C-35
15  16.26265478 -061.52964557 190.50 GA Ramp C-41
15  16.26239767 -061.52828043 189.25 GA Ramp C-48 
15  16.26203356 -061.52641665 188.40 GA Ramp C-52
15  16.26242530 -061.52990880  11.27 GA Ramp C-54
15  16.26213967 -061.52874996  10.89 GA Ramp C-59
15  16.26188661 -061.52751068  99.92 GA Ramp C-64
15  16.26170530 -061.52647622  10.95 GA Ramp C-69
50 12760 TFFR ATIS
53 12185 RAIZET GND
54 11840 RAIZET TWR
55 11905 RAIZET APP
55 12130 RAIZET APP
55 12907 RAIZET APP
99
